nDisque jeu1_TTP jeu1Bal jeu2_TTP jeu2Bal jeu3_TTP jeu3Bal
1 0 3 0 3 0 2
2 1 6 1 5 1 9
3 1 2 1 2 1 2
4 3 4 2 18 3 5
5 4 5 3 4 4 7
6 11 8 9 6 11 15
7 6 8 6 7 7 9
8 8 10 7 9 9 18
9 7 16 10 14 9 21
10 2 7 2 6 3 10
11 2 8 2 7 3 12
12 2 9 2 9 4 15
13 3 11 3 11 5 20
14 3 7 3 8 5 14
15 4 4 4 5 6 7
16 4 4 5 5 8 9
17 4 4 4 4 7 8
18 4 4 5 5 9 10
19 6 6 7 8 16 15
20 7 6 8 8 22 16
21 5 5 6 6 12 12
22 9 7 10 9 18 18
23 7 6 8 8 15 15
24 8 7 9 9 17 18
25 8 7 9 9 18 19
26 10 8 12 11 25 26
27 9 8 11 11 24 25
28 12 9 14 13 28 28
29 9 9 11 12 23 25
30 11 12 14 15 28 31
31 12 12 14 15 36 33
32 13 37 16 52 33 135
33 14 36 16 51 35 141
34 17 39 20 60 48 170
35 17 19 21 29 50 78
36 21 14 24 34 52 51
37 16 12 20 16 42 39
38 18 12 21 18 44 42
39 17 12 21 18 46 43
40 14 12 17 16 37 39
41 22 14 26 19 53 51
42 32 19 39 28 77 75
43 32 18 37 27 77 74
44 33 20 39 29 92 89
45 16 11 20 17 54 52
46 17 10 21 16 50 43
47 20 12 24 18 53 48
48 24 14 29 22 64 59
49 18 11 22 17 50 45
50 18 11 22 17 54 45
51 21 12 25 19 58 52
52 22 12 27 20 61 56
53 21 12 26 19 60 54
54 25 13 30 21 67 63
55 30 16 35 25 80 73
56 33 17 40 28 91 81
57 25 14 31 22 73 64
58 25 13 30 21 70 63
59 31 15 36 24 82 75
60 49 23 61 37 125 117
61 49 21 56 35 120 114
62 44 19 51 32 110 104
63 44 19 51 32 114 106
64 44 74 52 94 121 449
65 33 32 39 59 95 235
66 29 14 35 24 89 76
67 34 17 42 28 99 89
68 40 18 48 31 116 101
69 36 17 43 29 102 91
70 34 16 42 28 102 89
71 39 18 46 31 112 100
72 36 16 42 28 105 92
73 38 17 45 30 110 99
74 40 18 48 32 117 104
75 45 18 50 32 121 108
76 45 19 53 33 127 113
77 43 18 50 31 125 108
78 57 24 68 43 167 144
79 43 18 51 32 125 114
80 41 17 49 31 122 111
81 49 20 58 35 140 129
82 60 24 70 43 169 157
83 51 21 60 36 147 134
84 50 19 59 35 143 132
85 52 21 62 37 155 134
86 48 20 57 35 144 130
87 49 19 58 35 146 127
88 56 22 66 43 164 150
89 78 28 91 50 212 194
90 54 20 63 36 160 135
91 52 20 62 37 159 135
92 56 21 67 39 169 147
93 57 21 67 39 170 153
94 59 22 69 40 178 153
95 84 30 97 54 236 216
96 81 29 94 52 246 204
97 79 27 91 49 221 205
98 63 22 74 41 189 168
99 81 28 94 51 229 206
100 82 28 95 51 236 206
101 76 26 88 49 223 197
102 70 24 80 44 201 179
103 69 23 83 43 208 176
104 80 26 91 49 228 207
105 71 24 82 44 210 185
106 71 24 82 45 209 193
107 93 29 106 55 265 234
108 83 28 98 53 251 220
109 97 30 111 56 271 242
110 100 31 114 57 281 249
111 89 28 101 53 251 228
112 76 26 88 46 224 197
113 85 27 97 50 249 223
114 93 29 106 55 276 237
115 101 32 118 67 302 265
116 99 30 114 58 299 252
117 99 30 114 59 294 254
118 120 35 137 67 345 299
119 124 36 141 68 353 321
120 155 55 173 120 407 615
121 91 27 104 53 274 236
122 94 28 108 54 281 243
123 98 29 113 60 291 253
124 104 30 120 58 317 266
125 103 30 120 60 308 270
126 102 29 116 57 308 268
127 107 30 126 59 315 278
128 130 36 148 70 379 327
129 130 37 152 72 387 338
130 128 36 147 71 380 352
131 128 36 147 71 382 356
132 134 37 152 73 396 356
133 142 39 161 76 416 359
134 167 45 189 86 481 441
135 168 45 190 87 474 437
136 125 34 143 67 370 321
137 133 35 149 71 382 337
138 134 36 150 70 388 342
139 126 33 144 66 377 325
140 135 35 151 68 381 343
141 172 41 191 81 461 415
142 151 39 173 77 448 385
143 190 46 212 92 529 459
144 226 51 250 101 602 527
145 172 42 192 85 479 429
146 152 38 171 76 445 390
147 159 40 179 79 460 407
148 153 40 174 77 462 406
149 166 41 192 81 476 422
150 185 45 207 89 550 462
151 170 43 193 86 501 458
152 209 49 238 97 584 512
153 227 50 238 100 596 528
154 246 51 270 103 633 561
155 180 44 203 89 539 479
156 183 44 207 89 549 467
157 196 47 220 95 585 503
158 171 41 193 83 505 457
159 175 41 196 83 511 448
160 197 47 222 95 581 508
161 194 45 219 93 575 508
162 197 46 221 93 587 519
163 205 48 230 97 609 535
164 207 48 233 97 619 526
165 203 47 227 95 594 531
166 207 47 232 96 615 533
167 210 48 235 104 616 547
168 212 51 242 99 630 554
169 223 50 250 102 649 584
170 288 58 321 118 772 689
171 257 51 282 106 689 609
172 262 51 286 105 690 633
173 188 40 209 84 558 478
174 218 48 244 99 648 567
175 234 50 260 108 671 587
176 300 61 331 124 809 748
177 238 48 261 101 670 585
178 190 42 213 85 568 494
179 230 47 254 97 659 584
180 242 50 268 104 700 618
181 250 52 278 110 744 638
182 271 54 298 113 765 676
183 257 53 286 110 751 676
184 257 53 287 111 750 666
185 279 58 309 120 807 706
186 327 62 357 129 889 784
187 319 61 350 128 877 780
188 276 53 303 112 766 690
189 292 54 317 114 781 697
190 262 53 285 106 750 645
191 273 53 299 111 775 689
192 253 48 277 103 714 638
193 269 53 297 112 770 681
194 284 56 314 118 823 730
195 311 54 337 115 810 736
196 219 42 240 90 648 562
197 220 43 243 102 651 571
198 287 55 317 115 826 724
199 293 56 323 120 865 740
200 326 61 358 129 912 804
201 372 65 402 138 994 908
202 269 51 295 108 788 684
203 346 63 374 132 952 856
204 363 65 397 138 998 884
205 283 53 313 114 831 711
206 289 54 322 115 852 736
207 335 60 366 128 927 840
208 265 49 290 105 772 679
209 306 56 337 122 895 762
210 264 48 289 104 785 683
211 283 52 311 115 836 731
212 289 52 317 112 835 739
213 275 50 303 108 811 722
214 325 56 352 122 916 820
215 343 60 373 128 969 847
216 296 52 325 113 862 764
217 295 53 324 118 862 761
218 327 57 361 123 936 842
219 327 58 358 124 947 832
220 310 54 338 117 906 784
221 360 61 391 133 1022 899
222 322 56 351 121 934 831
223 379 62 409 133 1043 934
224 346 58 374 127 987 876
225 340 58 369 126 990 870
226 348 58 380 128 992 863
227 474 75 511 164 1262 1134
228 376 63 408 136 1063 959
229 353 59 381 130 1036 895
230 361 60 394 132 1042 913
231 298 50 326 111 885 778
232 306 51 338 113 910 791
233 360 60 394 132 1043 917
234 409 65 439 142 1131 1025
235 355 58 388 131 1018 905
236 413 64 447 142 1129 1002
237 373 59 398 130 1057 929
238 376 60 409 135 1077 947
239 354 58 383 127 1043 916
240 366 58 393 128 1038 928
241 380 60 414 139 1078 952
242 418 62 450 139 1131 1024
243 398 62 429 137 1124 977
244 385 61 419 138 1102 968
245 359 57 389 126 1043 924
246 360 56 389 127 1041 908
247 370 59 401 130 1079 945
248 397 60 433 134 1115 990
249 436 66 470 147 1225 1077
250 519 75 554 167 1395 1230
251 380 59 410 131 1098 973
252 366 57 400 127 1068 940
253 366 56 396 127 1080 943
254 388 59 420 132 1130 988
255 388 59 422 134 1125 999
256 426 65 462 145 1241 1088
257 430 66 465 146 1242 1089
258 431 66 466 147 1251 1112
259 453 68 492 151 1296 1135
260 435 69 466 148 1223 1091
261 458 68 494 153 1321 1161
262 422 64 456 143 1239 1077
263 627 87 668 194 1665 1500
264 441 65 467 145 1273 1102
265 444 66 477 148 1287 1132
266 444 66 479 147 1284 1124
267 554 77 580 171 1495 1345
268 482 71 517 163 1394 1217
269 502 72 540 161 1396 1237
270 564 81 612 181 1575 1381
271 520 74 565 167 1460 1319
272 486 69 523 154 1389 1208
273 477 68 508 152 1370 1197
274 468 67 504 154 1374 1193
275 440 64 473 143 1306 1115
276 529 76 568 170 1526 1327
277 530 75 569 168 1517 1315
278 553 77 576 172 1549 1345
279 520 73 553 166 1461 1284
280 503 71 540 159 1452 1274
281 517 73 556 169 1483 1300
282 532 73 571 165 1489 1346
283 521 71 554 160 1471 1294
284 588 80 634 185 1647 1450
285 490 68 527 154 1419 1265
286 465 64 502 148 1356 1203
287 511 70 548 159 1482 1311
288 648 85 681 192 1761 1596
289 571 77 605 174 1602 1430
290 626 83 656 188 1731 1530
291 648 84 690 194 1765 1580
292 576 79 616 178 1648 1450
293 506 69 541 157 1470 1295
294 483 66 519 150 1413 1244
295 516 69 554 160 1491 1290
296 527 71 565 162 1521 1341
297 609 79 650 182 1696 1542
298 583 77 623 177 1659 1461
299 539 72 577 165 1554 1369
300 608 79 647 186 1708 1497
301 524 69 561 160 1529 1330
302 524 69 562 161 1538 1347
303 530 69 567 160 1534 1353
304 562 74 606 175 1629 1445
305 631 80 667 185 1771 1566
306 661 85 713 196 1878 1651
307 720 92 765 207 1997 1766
308 606 77 649 178 1725 1519
309 754 92 801 213 2045 1819
310 608 78 649 179 1728 1511
311 595 76 647 177 1720 1520
312 606 78 645 178 1747 1521
313 597 75 633 178 1725 1521
314 644 81 684 185 1826 1639
315 592 74 627 173 1690 1512
316 580 73 620 172 1685 1511
317 592 74 634 173 1728 1530
318 576 72 614 170 1697 1517
319 574 71 609 165 1662 1485
320 593 74 636 172 1751 1555
321 686 82 714 190 1920 1687
322 791 94 835 218 2148 1979
323 991 116 1051 262 2638 2402
324 803 98 850 218 2193 1957
325 810 98 857 231 2255 2013
326 1007 113 1055 262 2666 2357
327 751 92 794 212 2151 1908
328 621 76 661 178 1836 1589
329 691 82 722 190 1973 1723
330 697 84 738 196 1992 1768
331 600 73 639 172 1767 1559
332 720 87 760 202 2064 1842
333 865 101 909 240 2378 2133
334 1018 111 1062 265 2652 2378
335 1176 126 1223 294 2974 2752
336 1149 126 1198 290 2986 2679
337 777 88 805 206 2139 1909
338 791 94 833 216 2215 1982
339 665 77 696 182 1883 1674
340 813 94 867 220 2309 2056
341 770 89 805 207 2185 1918
342 697 81 741 192 1998 1791
343 706 82 750 193 2028 1786
344 742 85 793 208 2121 1863
345 781 89 830 209 2182 1951
346 872 96 913 227 2368 2123
347 844 99 893 225 2361 2107
348 776 88 817 209 2202 1979
349 773 89 823 211 2248 1984
350 864 96 913 229 2390 2165
351 869 98 922 232 2463 2148
352 1026 109 1057 256 2755 2446
353 1134 118 1185 284 3026 2673
354 783 88 826 208 2256 1971
355 776 85 821 205 2211 1964
356 773 87 817 206 2198 1953
357 751 85 794 201 2173 1904
358 726 81 765 193 2109 1853
359 904 100 946 236 2546 2257
360 995 108 1046 256 2806 2491
361 792 88 831 207 2243 1990
362 810 93 850 211 2341 2039
363 771 85 810 203 2204 1949
364 844 91 886 220 2379 2122
365 933 99 973 237 2571 2306
366 841 91 884 220 2377 2121
367 754 83 799 200 2199 1941
368 839 91 889 217 2418 2121
369 1298 129 1346 306 3331 3035
370 829 90 873 215 2350 2090
371 1141 119 1187 282 3141 2806
372 885 96 927 228 2523 2202
373 899 96 938 230 2545 2291
374 836 91 876 220 2382 2123
375 828 90 875 213 2386 2096
376 877 93 917 222 2486 2199
377 830 88 874 211 2390 2118
378 917 98 966 232 2584 2298
379 1092 113 1133 267 2996 2674
380 911 96 952 230 2576 2289
381 1203 124 1248 293 3323 2973
382 898 95 943 230 2587 2276
383 909 96 956 231 2626 2316
384 989 100 1034 243 2754 2432
385 946 99 1001 238 2711 2382
386 921 96 964 231 2647 2333
387 963 99 1007 241 2703 2431
388 965 98 1029 240 2757 2411
389 1064 109 1130 263 3072 2677
390 892 92 932 226 2557 2302
391 884 91 925 223 2572 2274
392 899 93 944 224 2614 2304
393 941 97 982 233 2731 2398
394 1028 105 1067 252 2923 2612
395 1003 102 1046 249 2897 2562
396 990 99 1028 241 2798 2488
397 917 93 964 227 2638 2328
398 1015 100 1061 246 2888 2609
399 1012 101 1049 245 2893 2536
400 914 92 954 224 2659 2351
401 1017 103 1063 248 2928 2598
402 1035 104 1071 250 2965 2614
403 989 98 1027 238 2812 2507
404 922 93 960 228 2662 2383
405 1008 101 1047 243 2918 2560
406 989 99 1025 237 2861 2533
407 1078 105 1109 254 3046 2706
408 1080 104 1110 254 3026 2684
409 1174 112 1228 273 3247 2912
410 1104 107 1143 260 3136 2750
411 1031 99 1075 244 2945 2559
412 914 90 964 224 2701 2381
413 1013 98 1051 248 2920 2543
414 1237 117 1287 289 3421 3054
415 1169 112 1216 278 3286 2916
416 1025 100 1068 244 2940 2593
417 1023 99 1056 240 2917 2600
418 1300 121 1350 302 3619 3206
419 1149 110 1207 274 3329 2944
420 1245 117 1293 294 3523 3120
421 1092 115 1147 259 3161 2791
422 1460 133 1495 341 4078 3598
423 1329 122 1345 297 3629 3319
424 1245 115 1290 291 3513 3143
425 1078 106 1123 253 3105 2772
426 1124 106 1162 261 3178 2866
427 1072 102 1107 248 3078 2713
428 1049 99 1090 247 2998 2675
429 1219 112 1252 276 3401 3050
430 1093 103 1135 253 3144 2763
431 1113 105 1162 256 3216 2832
432 1201 112 1243 276 3446 3056
433 1171 108 1202 267 3293 2938
434 1079 99 1112 249 3078 2748
435 1180 110 1229 277 3384 2987
436 1116 105 1156 255 3173 2844
437 1114 104 1160 255 3178 2871
438 1105 101 1143 250 3160 2818
439 1263 113 1341 281 3526 3130
440 1461 134 1516 326 4127 3632
441 1115 103 1159 255 3200 2838
442 1156 105 1182 258 3254 2921
443 1151 105 1185 262 3256 2943
444 1121 102 1144 251 3209 2838
445 1127 102 1154 251 3219 2887
446 1278 114 1320 283 3595 3198
447 1156 106 1207 262 3323 2950
448 1206 109 1254 270 3465 3090
449 1670 142 1710 354 4469 3979
450 1774 146 1823 366 4649 4177
451 1430 125 1479 315 3974 3540
452 1691 144 1734 358 4551 4059
453 1195 107 1236 267 3434 3043
454 1173 104 1212 260 3389 3006
455 1183 105 1214 261 3372 3024
456 1236 109 1273 273 3545 3103
457 1225 108 1263 269 3475 3151
458 1357 119 1403 297 3799 3368
459 1176 104 1210 260 3357 2994
460 1156 102 1186 254 3352 2944
461 1294 114 1332 283 3698 3265
462 1408 123 1455 305 4006 3524
463 1295 114 1342 285 3698 3316
464 1719 142 1760 356 4605 4124
465 1430 126 1472 304 3944 3515
466 1572 133 1580 326 4317 3906
467 1506 129 1535 323 4191 3781
468 1453 124 1493 310 4042 3636
469 1268 109 1299 273 3591 3251
470 1561 131 1595 336 4381 3908
471 1536 130 1595 326 4317 3841
472 1387 119 1436 299 4002 3526
473 1365 117 1429 296 3893 3508
474 1330 114 1370 287 3806 3396
475 1339 114 1361 284 3841 3448
476 1423 121 1468 299 3957 3591
477 1314 110 1344 282 3771 3376
478 1312 111 1346 280 3782 3373
479 1425 119 1455 301 4060 3624
480 1623 135 1672 336 4508 4076
481 1535 130 1582 322 4335 3892
482 1489 129 1520 310 4185 3773
483 1454 125 1511 307 4169 3705
484 1673 138 1719 351 4758 4248
485 1335 111 1374 285 3918 3456
486 1345 112 1376 286 3924 3492
487 1366 114 1404 288 3972 3522
488 1487 123 1541 312 4273 3823
489 1416 117 1443 295 4079 3649
490 1434 118 1468 299 4136 3706
491 1408 116 1445 293 4045 3600
492 1445 120 1492 304 4184 3722
493 1454 120 1481 302 4175 3744
494 1591 128 1615 322 4465 4023
495 1712 138 1759 352 4857 4316
496 1828 146 1872 377 5094 4559
497 1622 132 1657 337 4607 4166
498 1547 125 1598 317 4401 3944
499 1417 115 1451 294 4113 3700
500 1406 115 1444 291 4117 3643
501 1412 116 1449 291 4098 3652
502 1567 125 1596 318 4444 3993
503 1452 118 1487 301 4187 3793
504 1409 113 1435 289 4082 3680
505 1453 118 1487 298 4163 3803
506 1461 117 1500 301 4246 3746
507 1430 115 1464 292 4156 3720
508 1448 124 1474 296 4188 3757
509 1555 124 1587 315 4474 3998
510 1521 120 1563 310 4375 3923
511 1481 118 1509 299 4233 3820
512 1629 135 1672 349 4676 4131
513 1577 125 1601 315 4491 3959
514 1623 127 1660 319 4587 4063
515 1570 124 1612 316 4534 3959
516 1531 120 1561 310 4454 3866
517 1640 128 1684 323 4674 4140
518 1534 119 1558 309 4412 3895
519 1495 116 1522 297 4331 3803
520 1655 129 1689 328 4776 4172
521 1545 120 1578 307 4450 3926
522 1649 127 1679 325 4708 4085
523 1604 124 1629 315 4627 4043
524 1668 129 1712 331 4774 4209
525 1709 130 1735 332 4887 4284
526 1638 127 1674 324 4728 4114
527 1594 123 1621 318 4611 4055
528 1588 130 1636 331 4612 4119
529 1584 124 1620 314 4591 4072
530 1603 123 1615 313 4626 4050
531 1631 126 1664 320 4696 4179
532 1603 123 1630 317 4610 4134
533 1612 123 1635 318 4626 4096
534 1649 127 1679 324 4764 4207
535 2183 160 2253 412 5990 5352
536 2079 155 2126 398 5786 5152
537 1819 137 1864 356 5183 4564
538 1800 137 1832 351 5171 4547
539 1757 135 1803 347 5060 4481
540 1913 146 1963 374 5417 4794
541 1777 135 1815 346 5060 4480
542 1950 146 1990 377 5472 4804
543 2018 152 2085 388 5690 4938
544 1856 141 1887 357 5302 4632
545 2096 157 2130 400 5932 5213
546 1919 144 1956 370 5517 4855
547 1860 138 1898 354 5291 4662
548 1742 132 1774 342 5036 4441
549 1823 137 1858 351 5300 4658
550 1733 130 1775 335 5034 4422
551 1846 136 1891 352 5293 4667
552 1730 130 1769 336 5007 4398
553 1798 134 1835 344 5139 4557
554 1764 131 1794 340 5076 4504
555 1702 127 1740 330 4961 4359
556 1774 131 1815 339 5122 4571
557 1772 131 1819 340 5126 4526
558 1798 133 1838 343 5179 4555
559 1824 137 1872 357 5308 4673
560 1929 142 1974 372 5491 4841
561 1785 132 1829 341 5181 4570
562 1909 141 1940 367 5414 4828
563 2243 160 2256 411 6132 5445
564 2349 170 2366 435 6665 5864
565 1998 145 2031 373 5696 5049
566 1854 139 1893 358 5368 4711
567 1938 141 2011 366 5553 4938
568 2303 166 2347 420 6505 5751
569 1861 135 1902 350 5393 4733
570 2187 157 2214 405 6235 5523
571 2294 165 2321 422 6435 5727
572 2189 160 2221 404 6220 5513
573 2010 145 2045 375 5764 5047
574 1935 139 1957 361 5599 4989
575 1924 137 1955 357 5537 4878
576 1940 140 1975 362 5643 4961
577 1992 141 2039 371 5804 5078
578 1956 141 2001 367 5694 5041
579 1977 142 2028 371 5823 5092
580 1940 140 1990 361 5642 4997
581 1900 137 1932 355 5559 4982
582 2139 150 2155 393 6188 5394
583 1935 137 1965 354 5646 5060
584 1961 138 2004 369 5753 5066
585 2063 147 2136 38