nDisque jeu1_TTP jeu1Bal jeu2_TTP jeu2Bal jeu3_TTP jeu3Bal
1 0 0 0 0 0 0
2 0 1 0 1 0 1
3 0 1 0 0 0 0
4 1 1 0 1 1 1
5 0 1 0 1 0 1
6 2 2 2 1 3 2
7 1 2 1 2 2 2
8 2 3 1 2 2 4
9 1 3 1 2 1 4
10 0 3 0 2 1 4
11 1 1 1 1 1 2
12 1 1 1 1 2 2
13 1 1 1 1 2 2
14 1 1 1 1 2 2
15 1 1 1 1 3 3
16 1 1 1 2 3 3
17 1 1 2 2 3 3
18 1 1 2 2 3 3
19 2 2 2 2 4 4
20 2 2 2 2 4 4
21 2 2 2 2 4 4
22 2 2 3 3 6 6
23 3 2 3 3 6 6
24 2 2 3 3 6 6
25 3 2 3 3 7 6
26 3 2 3 3 8 7
27 3 2 5 3 8 8
28 3 3 4 4 8 8
29 3 3 4 4 9 9
30 4 3 4 4 9 9
31 4 3 5 4 11 12
32 4 5 5 6 11 12
33 4 4 6 5 11 12
34 5 4 6 5 12 14
35 5 4 6 5 13 12
36 5 4 6 5 16 13
37 5 4 6 6 15 14
38 5 4 7 6 17 15
39 6 4 7 6 16 15
40 6 4 7 6 18 16
41 6 5 8 7 18 17
42 6 5 8 7 20 18
43 7 5 8 7 19 17
44 7 6 8 7 20 19
45 7 5 9 8 21 22
46 7 5 11 8 22 21
47 8 5 10 8 23 22
48 8 5 10 8 26 22
49 8 5 11 8 27 24
50 9 5 11 8 26 24
51 9 6 11 9 28 25
52 9 5 11 9 27 27
53 9 6 12 9 30 26
54 10 6 12 9 29 27
55 10 6 13 10 32 29
56 11 6 13 10 32 31
57 11 6 14 10 32 32
58 11 6 14 10 34 33
59 12 6 15 10 37 32
60 12 7 15 11 36 35
61 13 8 15 11 37 35
62 13 7 16 11 40 37
63 14 7 17 12 42 40
64 15 8 18 13 46 41
65 16 8 19 13 48 43
66 16 8 19 13 48 42
67 16 8 19 13 49 43
68 16 8 19 15 49 44
69 17 8 20 14 52 45
70 16 8 20 13 51 45
71 17 8 20 13 51 45
72 17 8 21 14 53 47
73 18 8 21 14 57 48
74 18 8 22 15 55 52
75 19 8 23 15 57 51
76 19 8 23 15 58 54
77 20 8 23 15 58 55
78 20 9 24 15 60 56
79 20 9 24 15 63 57
80 21 9 25 16 65 58
81 21 9 25 16 68 60
82 22 9 26 17 70 60
83 22 9 28 17 68 62
84 22 9 27 17 71 64
85 23 10 28 17 73 65
86 24 10 28 17 74 66
87 24 10 30 18 75 68
88 24 10 29 18 76 66
89 25 10 30 18 75 70
90 26 10 31 18 80 72
91 26 11 33 19 81 71
92 27 10 33 19 82 76
93 28 10 32 21 83 77
94 28 11 34 20 85 80
95 28 11 34 20 87 81
96 29 11 34 20 88 85
97 29 11 35 20 91 83
98 30 11 36 21 95 84
99 31 11 36 21 96 86
100 31 11 37 21 99 87
101 32 11 38 21 101 90
102 33 12 39 22 102 89
103 34 12 39 23 101 94
104 34 12 40 24 104 95
105 34 12 41 22 109 95
106 36 13 41 23 107 99
107 36 12 41 23 109 101
108 37 13 43 23 112 101
109 37 12 44 24 116 104
110 38 12 44 24 118 103
111 40 13 45 24 118 107
112 39 13 46 24 120 110
113 40 13 47 25 123 113
114 41 13 47 25 125 111
115 41 13 48 25 126 116
116 42 13 49 25 131 115
117 43 13 50 26 128 121
118 43 13 50 27 136 119
119 44 14 51 26 139 119
120 44 13 51 26 137 125
121 45 13 53 26 141 127
122 46 14 55 27 140 128
123 46 14 55 27 145 127
124 47 14 55 28 147 128
125 48 14 55 28 145 135
126 49 14 56 28 150 137
127 49 15 57 28 151 140
128 51 15 59 29 158 138
129 52 15 59 31 156 141
130 52 15 59 29 160 147
131 53 15 60 29 166 145
132 54 15 62 30 165 145
133 53 15 62 30 167 145
134 56 16 65 30 167 153
135 57 15 64 31 171 155
136 57 16 65 31 177 156
137 58 16 65 31 177 158
138 59 16 67 32 181 163
139 59 16 68 32 181 165
140 60 16 68 32 185 166
141 61 16 71 33 186 164
142 62 16 70 33 186 175
143 62 16 72 33 192 176
144 63 18 71 33 190 177
145 65 17 73 34 199 181
146 65 17 75 34 200 185
147 66 17 75 34 201 183
148 67 17 75 34 207 182
149 68 18 76 35 209 187
150 68 17 78 35 214 188
151 69 17 79 35 212 193
152 70 18 79 36 216 196
153 71 18 80 37 218 198
154 73 18 81 37 224 196
155 73 18 83 37 226 203
156 73 18 83 37 226 202
157 74 18 86 38 228 204
158 77 19 86 38 231 209
159 77 18 87 37 234 209
160 77 19 87 39 241 213
161 78 19 88 39 240 217
162 79 20 89 39 242 214
163 81 19 90 39 245 221
164 81 19 91 39 253 221
165 82 19 92 39 251 228
166 84 19 93 40 255 226
167 86 20 96 40 258 231
168 85 20 96 42 261 232
169 87 20 97 41 262 238
170 87 20 98 42 267 240
171 88 20 99 41 271 243
172 90 20 100 42 275 247
173 91 20 101 42 275 251
174 92 20 103 43 276 258
175 92 21 104 45 282 257
176 94 21 104 44 286 257
177 95 21 105 45 291 260
178 96 21 108 44 289 266
179 97 21 107 44 296 265
180 97 21 109 44 297 270
181 98 21 110 44 306 272
182 99 21 112 45 306 268
183 101 21 114 45 309 280
184 103 22 114 45 313 276
185 104 22 114 46 312 289
186 103 22 116 47 316 285
187 106 22 117 48 320 287
188 106 22 120 48 328 286
189 107 22 119 49 330 294
190 107 22 120 48 329 304
191 109 22 121 48 331 304
192 111 23 123 48 337 302
193 112 24 123 48 335 311
194 112 23 123 48 347 315
195 114 23 125 50 350 307
196 115 24 129 51 350 310
197 114 23 127 49 352 318
198 119 23 131 50 357 322
199 120 23 131 50 357 321
200 120 23 133 50 363 326
201 121 24 134 50 368 329
202 122 24 135 51 372 329
203 123 26 137 51 373 335
204 127 24 138 52 374 339
205 127 24 140 52 380 349
206 128 24 140 54 385 348
207 129 26 142 53 388 352
208 129 25 142 53 391 355
209 131 25 145 54 404 353
210 132 25 146 53 402 366
211 133 25 147 53 406 359
212 134 25 148 54 410 370
213 135 25 148 56 410 372
214 136 27 150 55 418 373
215 138 25 155 55 417 383
216 139 26 154 56 424 382
217 141 26 157 56 428 388
218 142 27 157 55 433 389
219 143 26 158 56 437 390
220 145 26 159 59 442 395
221 145 26 159 57 445 397
222 148 26 164 57 450 404
223 149 26 162 58 449 406
224 151 26 165 58 457 411
225 150 26 165 59 458 414
226 152 27 167 58 464 415
227 154 27 170 59 466 422
228 155 27 171 59 468 427
229 157 27 172 59 471 430
230 158 28 172 63 469 433
231 160 27 175 61 481 435
232 161 27 176 64 484 441
233 162 28 176 61 487 441
234 163 28 178 62 495 443
235 165 28 180 63 497 441
236 166 28 182 62 504 451
237 167 28 182 64 503 451
238 169 28 184 63 508 454
239 171 28 186 63 513 466
240 175 29 191 64 522 470
241 174 29 189 64 522 474
242 174 29 191 64 529 467
243 179 28 192 65 534 476
244 175 29 197 64 536 476
245 178 29 195 64 535 486
246 182 29 197 66 545 492
247 181 30 198 65 548 492
248 183 30 199 65 552 494
249 186 30 202 67 566 497
250 187 30 204 67 572 503
251 187 30 203 67 562 508
252 189 30 206 69 569 516
253 189 30 207 70 567 518
254 192 30 209 68 579 522
255 193 31 210 69 581 529
256 195 30 211 71 588 531
257 197 31 216 69 599 529
258 198 31 215 70 607 536
259 199 31 218 69 609 536
260 202 31 219 70 615 548
261 204 34 221 71 620 546
262 202 31 223 71 614 559
263 206 32 222 72 620 566
264 207 32 225 72 626 566
265 209 32 227 72 636 571
266 211 32 229 72 635 576
267 212 32 231 73 645 579
268 214 32 233 73 644 580
269 219 34 236 75 661 586
270 218 32 236 73 658 590
271 219 32 237 74 659 590
272 219 33 238 74 662 596
273 220 33 240 74 665 603
274 223 33 242 74 671 605
275 224 33 243 76 681 610
276 226 33 244 76 680 612
277 226 33 246 76 684 625
278 229 33 246 77 691 619
279 231 33 251 76 696 621
280 232 34 251 78 709 630
281 235 34 256 79 703 628
282 237 34 254 78 705 650
283 240 34 258 78 713 643
284 239 34 256 79 728 656
285 242 34 260 79 729 655
286 245 34 264 79 732 666
287 247 35 267 79 736 656
288 245 35 268 79 736 664
289 246 35 265 79 730 673
290 248 35 270 81 747 679
291 251 34 270 81 757 673
292 253 35 273 81 757 679
293 255 35 273 81 764 689
294 256 35 275 82 769 694
295 257 35 278 83 772 694
296 258 35 281 83 770 698
297 263 36 286 84 795 705
298 262 35 283 83 786 712
299 264 36 283 83 795 710
300 266 36 286 84 796 722
301 271 36 290 85 813 723
302 270 37 290 85 807 728
303 273 37 295 85 823 728
304 272 37 295 85 813 732
305 275 37 296 85 827 735
306 276 37 297 87 827 743
307 279 39 299 86 839 753
308 282 37 303 87 847 754
309 282 37 319 87 843 760
310 285 37 305 88 848 779
311 286 37 309 87 868 766
312 288 38 310 89 875 771
313 291 38 310 88 868 788
314 291 38 313 89 872 800
315 294 38 315 90 888 797
316 296 38 316 92 887 799
317 298 39 318 91 896 814
318 297 38 318 90 897 811
319 302 38 321 92 908 822
320 302 39 323 93 913 824
321 304 39 327 91 916 833
322 307 39 329 92 930 842
323 309 39 330 93 935 836
324 311 39 333 92 938 849
325 312 39 334 93 942 849
326 313 41 336 92 942 856
327 315 40 338 93 959 854
328 319 40 342 94 967 865
329 321 40 344 95 968 874
330 320 39 343 96 968 869
331 324 40 347 95 982 877
332 325 41 349 97 979 884
333 328 40 353 96 988 909
334 328 40 351 95 986 898
335 331 40 354 97 1000 900
336 334 41 358 97 1014 904
337 336 41 358 97 1012 915
338 338 41 361 98 1018 924
339 337 41 366 98 1021 915
340 345 42 369 100 1039 925
341 347 42 370 99 1033 948
342 348 42 369 99 1047 937
343 347 42 370 99 1052 933
344 350 42 377 100 1062 944
345 351 42 375 100 1063 950
346 353 42 378 101 1065 962
347 358 42 381 101 1073 965
348 358 42 381 103 1089 974
349 359 42 386 101 1073 968
350 363 43 389 101 1083 979
351 367 43 387 104 1102 979
352 366 43 391 102 1102 988
353 373 42 395 104 1110 1000
354 371 43 393 105 1110 997
355 375 43 395 106 1118 1002
356 374 44 398 103 1134 996
357 377 44 402 106 1127 1016
358 377 43 403 107 1133 1017
359 381 44 406 107 1147 1026
360 382 44 408 106 1146 1038
361 386 44 409 107 1166 1037
362 386 44 414 107 1158 1038
363 390 45 416 108 1170 1045
364 391 44 418 107 1172 1053
365 392 44 419 108 1173 1073
366 394 45 421 109 1177 1066
367 399 45 424 109 1197 1072
368 401 45 426 109 1206 1081
369 403 45 427 109 1202 1068
370 405 45 431 110 1219 1082
371 406 45 432 111 1223 1097
372 409 45 433 109 1217 1090
373 411 45 438 111 1244 1097
374 414 46 439 111 1243 1111
375 414 46 441 113 1238 1117
376 416 45 443 112 1250 1112
377 422 47 447 113 1266 1134
378 422 46 450 112 1267 1138
379 423 46 448 113 1271 1138
380 428 47 452 116 1276 1150
381 431 47 458 115 1294 1161
382 429 47 456 114 1292 1162
383 433 47 459 115 1301 1165
384 436 47 463 116 1308 1187
385 435 47 461 115 1309 1184
386 479 51 509 124 1412 1283
387 452 48 478 119 1353 1230
388 443 48 471 117 1341 1214
389 448 48 478 118 1357 1208
390 446 48 474 118 1350 1230
391 456 48 485 121 1380 1239
392 454 48 481 121 1383 1218
393 454 48 482 118 1376 1241
394 457 48 483 119 1382 1236
395 461 49 489 120 1385 1258
396 463 48 493 120 1399 1252
397 465 49 497 120 1399 1277
398 464 49 492 120 1411 1268
399 471 49 498 120 1428 1274
400 470 49 500 121 1426 1282
401 473 49 502 122 1443 1288
402 480 49 510 122 1448 1287
403 481 49 511 123 1468 1299
404 480 49 513 122 1458 1314
405 482 50 514 123 1453 1322
406 486 50 512 123 1471 1304
407 492 51 515 126 1486 1319
408 490 50 520 125 1477 1337
409 489 50 522 123 1496 1324
410 495 50 526 125 1509 1336
411 499 50 531 126 1504 1339
412 500 51 529 125 1530 1325
413 501 51 528 128 1526 1363
414 503 51 533 128 1537 1353
415 505 51 539 127 1536 1354
416 508 51 540 126 1532 1383
417 509 51 541 127 1546 1384
418 512 51 545 129 1556 1395
419 517 52 550 131 1570 1391
420 521 51 552 129 1584 1391
421 523 52 553 131 1578 1411
422 524 52 553 128 1587 1415
423 526 52 560 131 1581 1421
424 530 52 558 130 1597 1431
425 530 53 561 130 1611 1434
426 532 52 564 132 1614 1433
427 535 53 567 131 1615 1451
428 538 55 570 135 1629 1451
429 541 53 573 133 1626 1469
430 546 53 575 133 1638 1474
431 548 54 577 133 1650 1471
432 550 53 581 134 1654 1481
433 551 53 581 138 1665 1498
434 553 54 584 134 1667 1495
435 557 55 589 134 1661 1518
436 557 53 589 137 1681 1506
437 559 53 591 134 1687 1511
438 564 53 595 136 1712 1511
439 565 55 597 136 1697 1544
440 571 55 603 141 1711 1532
441 570 55 603 138 1716 1537
442 574 55 609 138 1749 1526
443 578 55 611 139 1744 1559
444 580 55 613 137 1742 1561
445 584 55 613 140 1760 1561
446 585 55 616 144 1767 1572
447 587 55 622 141 1756 1601
448 590 56 622 142 1775 1577
449 594 56 626 142 1800 1590
450 595 54 628 140 1794 1596
451 599 55 629 142 1794 1620
452 600 56 636 141 1813 1616
453 603 56 636 143 1815 1614
454 606 56 637 142 1811 1632
455 612 57 644 143 1823 1648
456 613 57 644 143 1831 1653
457 611 56 641 143 1832 1647
458 613 57 646 145 1840 1665
459 620 56 653 145 1849 1671
460 623 56 655 145 1877 1677
461 622 58 660 148 1876 1681
462 627 59 662 145 1896 1684
463 632 57 668 146 1915 1697
464 631 58 667 146 1889 1714
465 636 59 668 145 1913 1706
466 641 58 671 148 1929 1729
467 638 58 672 147 1921 1739
468 645 58 678 151 1947 1742
469 645 60 677 149 1946 1751
470 651 59 684 149 1966 1756
471 654 58 687 151 1968 1767
472 654 59 688 149 1984 1774
473 659 59 694 150 2012 1777
474 660 59 693 151 2001 1805
475 663 59 699 151 2008 1808
476 668 59 702 152 2029 1804
477 671 60 707 152 2027 1842
478 669 59 706 150 2017 1822
479 674 59 708 152 2058 1821
480 678 60 714 156 2070 1855
481 677 59 714 154 2063 1856
482 685 60 717 154 2102 1851
483 686 60 722 155 2091 1875
484 687 60 723 155 2101 1871
485 693 61 728 155 2118 1887
486 692 60 728 154 2101 1885
487 696 60 732 159 2128 1866
488 701 61 734 157 2115 1932
489 703 61 741 158 2131 1921
490 704 61 742 157 2145 1915
491 707 61 740 158 2168 1914
492 715 61 746 157 2163 1924
493 718 62 753 159 2185 1942
494 717 65 755 158 2183 1956
495 717 61 758 159 2189 1972
496 721 62 759 162 2196 1957
497 727 61 761 160 2198 1976
498 727 62 764 160 2220 1975
499 732 63 768 161 2234 1997
500 734 62 770 162 2233 1995
501 735 62 771 162 2230 2002
502 742 62 774 160 2245 2010
503 746 63 780 162 2257 2008
504 748 62 789 163 2257 2039
505 748 63 787 164 2268 2034
506 750 62 788 163 2278 2048
507 754 63 796 163 2289 2041
508 758 64 792 164 2294 2053
509 763 64 798 166 2314 2063
510 765 66 803 165 2323 2078
511 764 63 800 166 2321 2076
512 772 63 808 166 2349 2084
513 773 64 808 167 2349 2104
514 773 64 813 168 2344 2093
515 781 64 818 166 2379 2095
516 782 65 820 167 2386 2124
517 785 64 822 168 2376 2134
518 787 65 824 169 2410 2117
519 817 67 857 173 2464 2200
520 803 66 836 172 2419 2160
521 800 66 838 170 2423 2151
522 801 65 841 170 2422 2171
523 805 65 842 170 2430 2170
524 807 65 845 172 2428 2190
525 809 65 853 172 2443 2195
526 810 65 850 170 2456 2196
527 813 66 856 176 2474 2200
528 814 66 854 173 2456 2185
529 820 67 862 174 2490 2207
530 821 67 859 175 2488 2205
531 825 67 864 173 2487 2240
532 826 67 863 174 2494 2237
533 832 67 871 175 2511 2239
534 832 68 873 174 2504 2252
535 835 67 873 176 2516 2264
536 840 68 880 176 2535 2264
537 842 68 884 178 2567 2280
538 847 68 886 176 2556 2279
539 852 70 890 178 2577 2294
540 854 69 892 179 2577 2305
541 858 69 894 178 2588 2322
542 858 70 902 180 2617 2295
543 860 69 902 179 2596 2328
544 859 69 903 182 2597 2320
545 866 70 909 181 2632 2336
546 871 69 911 184 2650 2348
547 876 70 917 181 2643 2354
548 879 69 918 184 2653 2365
549 882 70 924 184 2655 2384
550 887 70 927 183 2668 2390
551 887 70 928 183 2678 2389
552 888 70 928 182 2678 2394
553 895 70 936 185 2720 2409
554 897 70 941 184 2713 2405
555 899 71 940 186 2732 2411
556 905 70 944 185 2733 2439
557 905 71 950 188 2731 2438
558 907 71 951 185 2740 2450
559 914 71 960 186 2755 2459
560 920 72 959 190 2766 2469
561 921 71 963 191 2778 2477
562 924 71 966 187 2796 2491
563 927 72 967 188 2799 2475
564 929 71 971 189 2785 2510
565 935 73 976 190 2829 2508
566 936 72 981 193 2831 2520
567 940 73 984 189 2850 2529
568 945 72 987 191 2872 2537
569 943 72 984 192 2860 2547
570 946 73 990 190 2872 2556
571 954 73 995 191 2905 2563
572 954 72 996 190 2865 2576
573 963 73 1002 193 2911 2586
574 963 73 1006 196 2928 2612
575 968 73 1014 194 2942 2608
576 966 73 1012 196 2944 2630
577 976 73 1018 194 2965 2654
578 975 75 1021 196 2976 2656
579 985 74 1020 195 2977 2658
580 982 74 1025 196 2995 2668
581 988 74 1031 196 3012 2689
582 991 75 1039 198 3025 2677
583 991 74 1035 195 3020 2710
584 989 74 1033 197 3030 2690
585 1001 75 1045 198 3072 2713
586 1004 74 1046 197 3067 2716
587 1011 75 1054 198 3080 2751
588 1009 75 1053 198 3086 2746
589 1013 75 1056 200 3096 2762
590 1017 75 1056 199 3113 2728
591 1019 75 1065 199 3119 2770
592 1020 75 1070 203 3124 2770
593 1028 76 1069 202 3141 2788
594 1034 76 1079 202 3164 2803
595 1033 76 1079 201 3154 2819
596 1037 76 1082 204 3178 2796
597 1039 76 1090 202 3182 2820
598 1050 76 1089 204 3236 2815
599 1046 76 1091 203 3201 2839
600 1049 77 1093 203 3205 2844
601 1050 77 1094 207 3215 2863
602 1057 77 1102 205 3221 2878
603 1065 77 1108 205 3260 2873
604 1069 77 1112 207 3265 2904
605 1070 78 1114 206 3252 2907
606 1072 77 1119 207 3264 2899
607 1076 78 1117 208 3284 2904
608 1080 78 1130 208 3309 2927
609 1080 78 1127 208 3302 2948
610 1087 78 1129 209 3317 2944
611 1088 78 1132 208 3316 2960
612 1090 79 1134 208 3339 2952
613 1096 78 1141 212 3342 2965
614 1095 78 1141 210 3336 2983
615 1099 79 1146 213 3350 2997
616 1106 80 1154 210 3385 2990
617 1111 79 1158 211 3394 3012
618 1121 79 1168 218 3383 3013
619 1117 79 1167 212 3413 3023
620 1122 79 1170 210 3414 3018
621 1125 80 1171 213 3431 3058
622 1133 80 1177 213 3444 3032
623 1131 80 1182 213 3443 3074
624 1134 80 1182 214 3471 3059
625 1139 80 1188 215 3494 3086
626 1142 80 1189 215 3496 3079
627 1147 80 1193 215 3495 3091
628 1155 82 1206 217 3518 3121
629 1155 81 1198 216 3505 3115
630 1159 81 1205 216 3525 3141
631 1163 80 1211 220 3554 3137
632 1163 81 1213 218 3528 3163
633 1168 81 1214 217 3551 3149
634 1175 82 1224 218 3594 3168
635 1179 82 1226 219 3592 3184
636 1181 82 1228 221 3592 3208
637 1188 82 1238 223 3612 3191
638 1185 82 1232 225 3602 3204
639 1196 82 1245 222 3631 3228
640 1190 82 1240 219 3610 3227
641 1200 83 1251 222 3671 3226
642 1206 83 1255 223 3683 3215
643 1206 82 1255 224 3675 3272
644 1220 83 1268 224 3689 3266
645 1216 82 1265 224 3706 3270
646 1218 82 1264 226 3689 3294
647 1221 83 1270 223 3710 3320
648 1228 85 1276 226 3718 3315
649 1231 83 1277 224 3742 3292
650 1235 83 1280 225 3723 3337
651 1238 84 1289 227 3754 3341
652 1247 84 1288 225 3753 3352
653 1252 84 1300 230 3811 3355
654 1254 84 1304 230 3789 3365
655 1257 84 1305 228 3827 3373
656 1255 85 1308 228 3817 3382
657 1259 85 1303 229 3812 3384
658 1264 84 1315 230 3845 3403
659 1268 85 1321 230 3852 3430
660 1276 84 1324 229 3877 3417
661 1276 86 1325 233 3871 3441
662 1281 87 1329 232 3890 3434
663 1285 85 1331 231 3889 3436
664 1290 85 1338 233 3918 3473
665 1300 86 1351 234 3934 3499
666 1298 85 1346 234 3950 3473
667 1301 86 1353 234 3932 3515
668 1299 86 1351 234 3928 3511
669 1310 86 1359 235 3951 3529
670 1314 86 1361 240 3990 3535
671 1313 86 1363 237 3973 3533
672 1322 87 1370 241 4018 3519
673 1317 86 1371 238 4007 3560
674 1327 87 1381 239 4005 3585
675 1329 86 1379 237 4043 3557
676 1334 87 1391 237 4051 3601
677 1338 88 1394 238 4073 3577
678 1341 89 1394 238 4068 3603
679 1343 87 1395 240 4072 3628
680 1360 88 1411 241 4104 3655
681 1358 88 1407 241 4118 3638
682 1359 88 1412 242 4125 3650
683 1363 87 1412 242 4114 3640
684 1371 88 1424 242 4153 3704
685 1369 89 1424 246 4136 3679
686 1374 88 1425 243 4154 3674
687 1374 88 1427 242 4177 3704
688 1379 89 1429 243 4177 3704
689 1385 88 1436 243 4206 3703
690 1386 88 1437 243 4220 3726
691 1393 89 1454 244 4212 3795
692 1399 93 1447 249 4231 3717
693 1397 89 1457 242 4247 3758
694 1404 90 1456 245 4265 3759
695 1410 90 1459 246 4293 3794
696 1412 89 1465 245 4273 3791
697 1418 89 1469 251 4281 3804
698 1428 90 1476 249 4299 3851
699 1427 89 1478 248 4328 3859
700 1426 90 1481 250 4324 3867
701 1432 90 1488 247 4369 3825
702 1441 91 1492 250 4378 3900
703 1438 91 1492 248 4393 3871
704 1450 91 1505 250 4400 3921
705 1457 90 1505 250 4433 3939
706 1464 92 1519 254 4454 3981
707 1461 93 1511 252 4440 3970
708 1462 91 1516 254 4439 4008
709 1468 94 1523 253 4479 4009
710 1471 92 1527 255 4475 4027
711 1471 91 1523 255 4504 3971
712 1472 92 1530 252 4538 3985
713 1483 92 1534 255 4540 4033
714 1493 93 1543 256 4559 4041
715 1491 92 1549 254 4569 4050
716 1520 93 1575 262 4655 4138
717 1500 94 1557 257 4591 4082
718 1508 93 1565 260 4623 4091
719 1508 92 1561 256 4632 4088
720 1513 93 1572 262 4661 4114
721 1523 93 1577 258 4667 4129
722 1526 93 1582 258 4668 4177
723 1523 94 1579 259 4663 4148
724 1533 94 1588 260 4693 4158
725 1537 94 1590 264 4735 4153
726 1541 96 1600 260 4711 4206
727 1546 94 1594 260 4709 4217
728 1552 95 1607 261 4768 4204
729 1556 94 1614 266 4766 4242
730 1555 95 1610 261 4779 4252
731 1559 94 1614 263 4751 4254
732 1568 94 1624 262 4836 4233
733 1576 96 1632 265 4826 4279
734 1567 95 1627 261 4800 4239
735 1578 95 1637 263 4833 4310
736 1590 96 1644 266 4849 4315
737 1599 96 1652 266 4890 4332
738 1587 95 1644 265 4842 4317
739 1590 95 1646 264 4870 4302
740 1599 97 1656 266 4899 4308
741 1602 95 1655 266 4897 4352
742 1612 96 1673 267 4928 4368
743 1614 96 1671 266 4942 4389
744 1614 97 1675 269 4970 4379
745 1621 97 1676 270 4936 4421
746 1625 97 1686 270 4956 4428
747 1628 97 1684 269 4990 4421
748 1631 97 1691 271 5014 4414
749 1641 96 1697 270 5025 4430
750 1637 96 1693 270 4995 4437
751 1648 97 1700 273 5036 4449
752 1645 98 1704 271 5019 4456
753 1659 98 1717 273 5074 4515
754 1656 97 1717 272 5065 4506
755 1668 98 1720 274 5101 4532
756 1675 98 1730 273 5119 4486
757 1671 98 1733 275 5099 4549
758 1676 98 1730 273 5114 4545
759 1679 98 1739 275 5133 4563
760 1690 99 1748 277 5160 4580
761 1690 98 1751 276 5185 4610
762 1698 100 1756 279 5166 4597
763 1704 99 1767 277 5226 4589
764 1701 99 1760 277 5226 4596
765 1713 99 1775 279 5240 4632
766 1716 100 1774 279 5238 4649
767 1712 100 1776 279 5234 4632
768 1732 99 1785 280 5269 4707
769 1729 100 1794 285 5279 4661
770 1738 100 1800 282 5297 4712
771 1736 101 1803 281 5303 4715
772 1737 100 1804 282 5319 4683
773 1744 100 1804 282 5307 4742
774 1750 100 1806 282 5333 4739
775 1758 101 1808 283 5332 4728
776 1757 100 1816 282 5359 4734
777 1765 101 1821 284 5372 4751
778 1773 102 1832 285 5407 4771
779 1772 106 1840 288 5386 4793
780 1775 102 1837 286 5413 4812
781 1782 101 1843 290 5428 4827
782 1785 101 1838 291 5426 4810
783 1786 102 1848 288 5442 4842
784 1792 102 1853 291 5470 4864
785 1795 102 1861 287 5462 4874
786 1806 101 1864 288 5482 4866
787 1814 103 1871 291 5538 4918
788 1817 103 1877 289 5529 4893
789 1818 102 1876 292 5536 4930
790 1829 103 1886 290 5572 4933
791 1826 104 1883 292 5543 4933
792 1832 104 1899 294 5587 4948
793 1835 103 1898 290 5596 4921
794 1837 102 1897 292 5600 4973
795 1851 103 1915 293 5615 4967
796 1853 104 1914 295 5616 5013
797 1852 104 1911 292 5618 5016
798 1854 103 1919 300 5624 4990
799 1863 105 1933 295 5692 5038
800 1862 103 1925 293 5697 4985
801 1880 105 1937 302 5695 5053
802 1875 104 1939 294 5717 5045
803 1885 105 1949 298 5728 5107
804 1890 105 1958 300 5776 5066
805 1891 105 1952 297 5756 5073
806 1899 105 1966 301 5788 5124
807 1899 105 1966 301 5780 5111
808 1905 106 1965 298 5795 5113
809 1915 105 1976 300 5851 5116
810 1911 105 1977 303 5811 5176
811 1917 105 1985 300 5828 5178
812 1928 105 1990 302 5847 5173
813 1936 107 1994 300 5877 5174
814 1939 106 2000 301 5897 5212
815 1954 107 2008 307 5926 5220
816 1943 106 2005 307 5937 5191
817 1946 107 2009 305 5933 5222
818 1948 106 2010 303 5933 5216
819 1962 106 2023 304 5965 5287
820 1961 108 2024 303 5958 5255
821 1971 108 2034 304 5997 5289
822 1974 108 2037 307 6010 5302
823 1982 107 2040 309 6042 5264
824 1980 108 2047 307 6010 5356
825 1991 107 2047 307 6051 5289
826 1996 107 2059 307 6075 5370
827 2000 111 2060 308 6090 5348
828 2001 109 2065 309 6076 5373
829 2007 108 2065 308 6100 5362
830 2009 108 2067 310 6080 5373
831 2017 108 2083 311 6144 5402
832 2029 109 2089 313 6131 5418
833 2026 108 2088 309 6156 5455
834 2036 109 2101 314 6168 5441
835 2041 109 2107 312 6188 5475
836 2033 110 2101 311 6156 5447
837 2045 109 2109 313 6220 5455
838 2050 109 2119 314 6252 5467
839 2067 111 2130 315 6226 5568
840 2065 110 2129 314 6274 5501
841 2065 110 2130 317 6260 5534
842 2086 111 2170 322 6336 5579
843 2084 110 2148 317 6284 5602
844 2077 110 2141 319 6297 5555
845 2093 113 2155 318 6356 5563
846 2092 110 2155 317 6355 5613
847 2100 111 2161 318 6373 5585
848 2097 110 2161 320 6375 5657
849 2103 111 2171 319 6373 5631
850 2103 111 2172 319 6375 5658
851 2114 110 2178 319 6432 5648
852 2120 111 2190 321 6484 5681
853 2130 112 2193 321 6506 5676
854 2130 111 2198 321 6478 5693
855 2141 112 2205 325 6533 5748
856 2138 112 2204 326 6554 5706
857 2150 112 2211 323 6551 5786
858 2148 112 2221 325 6558 5747
859 2162 113 2222 327 6597 5808
860 2152 113 2216 323 6602 5787
861 2161 112 2223 327 6601 5842
862 2165 112 2236 325 6614 5845
863 2175 112 2238 329 6659 5861
864 2174 113 2241 325 6683 5862
865 2192 113 2256 325 6719 5920
866 2192 113 2257 326 6739 5935
867 2201 114 2266 328 6770 5946
868 2204 114 2268 332 6766 5969
869 2207 118 2277 329 6823 5973
870 2214 114 2282 329 6794 6052
871 2205 114 2280 328 6804 6014
872 2226 114 2292 337 6833 6067
873 2231 115 2296 333 6885 6071
874 2236 115 2295 331 6890 6050
875 2240 115 2305 331 6867 6137
876 2254 116 2323 334 6932 6144
877 2243 115 2313 334 6947 6108
878 2261 115 2323 336 6936 6169
879 2259 115 2321 332 6975 6152
880 2265 116 2325 336 7020 6152
881 2274 116 2342 336 7033 6162
882 2276 116 2352 333 7033 6186
883 2282 116 2345 335 7032 6266
884 2278 116 2344 333 6999 6223
885 2278 116 2352 337 7073 6162
886 2285 116 2359 336 7098 6251
887 2375 120 2444 351 7365 6484
888 2297 117 2368 340 7133 6265
889 2311 117 2376 338 7116 6298
890 2312 116 2378 337 7100 6307
891 2325 117 2395 340 7176 6349
892 2327 117 2397 340 7162 6372
893 2333 117 2399 342 7187 6338
894 2336 117 2401 341 7188 6366
895 2339 117 2403 346 7204 6370
896 2359 118 2426 346 7279 6428
897 2353 118 2422 342 7263 6381
898 2347 118 2423 342 7231 6399
899 2355 118 2423 342 7238 6409
900 2375 119 2442 346 7295 6467
901 2373 119 2439 344 7301 6438
902 2381 120 2448 344 7358 6446
903 2400 118 2467 348 7363 6527
904 2391 119 2464 346 7402 6481
905 2387 122 2458 346 7362 6535
906 2400 118 2468 346 7429 6478
907 2403 119 2478 348 7405 6499
908 2413 120 2485 352 7428 6567
909 2412 119 2475 348 7415 6535
910 2415 120 2483 352 7436 6537
911 2425 120 2502 350 7494 6587
912 2442 121 2507 350 7501 6596
913 2438 120 2501 350 7480 6575
914 2442 122 2513 353 7541 6633
915 2442 120 2518 351 7515 6687
916 2460 121 2529 355 7562 6691
917 2471 121 2534 355 7619 6651
918 2460 120 2529 355 7588 6651
919 2476 122 2542 355 7660 6647
920 2473 120 2539 354 7584 6671
921 2480 122 2551 354 7608 6670
922 2480 121 2561 356 7622 6771
923 2497 121 2564 358 7658 6742
924 2498 121 2572 356 7683 6789
925 2512 121 2583 357 7755 6777
926 2497 122 2570 357 7690 6760
927 2514 122 2583 360 7776 6738
928 2519 122 2590 357 7762 6775
929 2524 122 2589 357 7790 6816
930 2528 123 2600 358 7778 6829
931 2522 122 2590 356 7757 6818
932 2532 123 2604 360 7799 6843
933 2542 123 2615 360 7836 6924
934 2565 124 2635 361 7870 6913
935 2551 123 2619 360 7868 6880
936 2557 122 2627 364 7823 6969
937 2576 125 2645 364 7904 7016
938 2589 125 2663 364 7933 7061
939 2578 124 2651 364 7924 6974
940 2589 124 2659 364 7960 7021
941 2579 125 2655 365 7937 6970
942 2591 124 2673 365 7961 7027
943 2608 125 2674 365 8023 7041
944 2609 124 2682 366 8008 7076
945 2617 124 2690 366 8006 7094
946 2620 125 2689 373 8031 7067
947 2620 127 2689 372 8015 7108
948 2638 126 2706 370 8118 7125
949 2640 126 2712 370 8122 7158
950 2628 129 2704 367 8049 7123
951 2644 126 2715 371 8100 7186
952 2657 126 2734 371 8147 7207
953 2660 127 2733 373 8186 7182
954 2665 127 2733 373 8151 7215
955 2673 126 2746 373 8164 7287
956 2682 126 2749 375 8201 7232
957 2670 126 2743 372 8193 7225
958 2692 130 2766 373 8260 7270
959 2695 127 2769 377 8225 7335
960 2700 127 2780 374 8280 7263
961 2708 127 2774 375 8313 7304
962 2705 128 2775 377 8276 7316
963 2712 126 2791 378 8331 7361
964 2720 128 2796 376 8337 7338
965 2727 128 2804 379 8384 7378
966 2745 129 2819 378 8387 7422
967 2744 129 2820 378 8401 7396
968 2753 128 2827 377 8445 7457
969 2761 129 2833 377 8485 7389
970 2755 128 2832 383 8438 7476
971 2763 129 2842 384 8471 7495
972 2765 129 2842 381 8500 7498
973 2778 129 2858 379 8496 7463
974 2772 130 2856 387 8484 7498
975 2776 129 2849 381 8480 7538
976 2795 131 2880 385 8496 7568
977 2804 129 2873 385 8570 7509
978 2800 129 2882 386 8583 7569
979 2803 129 2874 383 8614 7528
980 2809 129 2890 385 8612 7569
981 2809 130 2883 385 8639 7521
982 2824 130 2900 386 8643 7654
983 2830 130 2900 387 8607 7632
984 2841 131 2924 388 8715 7695
985 2829 131 2908 388 8672 7658
986 2835 131 2913 390 8659 7687
987 2854 130 2929 390 8736 7710
988 2850 130 2931 389 8731 7666
989 2869 132 2942 394 8771 7747
990 2874 132 2952 393 8834 7759
991 2880 132 2959 390 8801 7759
992 2886 132 2964 392 8827 7806
993 2898 133 2967 391 8869 7796
994 2885 133 2968 392 8807 7797
995 2901 133 2982 392 8883 7811
996 2906 134 2982 396 8910 7878
997 2905 132 2981 393 8852 7827
998 2922 132 2994 396 8922 7912
999 2918 134 2998 396 8931 7844
1000 2918 133 2999 398 8930 7876
1001 2924 133 3006 394 8924 7908
1002 2941 134 3020 405 9006 7900
1003 2945 132 3018 397 8997 7928
1004 2960 136 3037 398 9012 8007
1005 2955 133 3037 400 9002 8029
1006 2966 134 3050 398 9104 7936
1007 2967 133 3043 398 9061 8013
1008 2983 136 3057 402 9152 8000
1009 2976 135 3061 403 9121 7956
1010 2978 134 3048 400 9101 8048
1011 2982 134 3060 405 9117 8023
1012 2994 134 3071 401 9129 8024
1013 3007 134 3094 403 9238 8125
1014 3009 134 3094 403 9228 8093
1015 3023 136 3101 401 9235 8091
1016 3016 135 3101 404 9251 8153
1017 3024 137 3114 402 9257 8119
1018 3068 137 3141 408 9354 8234
1019 3048 135 3121 403 9351 8141
1020 3053 136 3135 406 9357 8217
1021 3048 136 3134 404 9329 8170
1022 3072 137 3142 407 9373 8230
1023 3056 136 3144 410 9317 8197
1024 3073 136 3154 406 9396 8253
1025 3064 140 3148 407 9345 8236
1026 3071 137 3153 410 9401 8211
1027 3087 136 3171 408 9411 8305
1028 3092 137 3163 410 9427 8302
1029 3089 136 3170 411 9414 8297
1030 3109 137 3187 409 9495 8315
1031 3113 138 3186 412 9511 8359
1032 3107 138 3192 410 9492 8340
1033 3125 138 3191 412 9526 8349
1034 3132 138 3211 414 9585 8493
1035 3133 138 3214 412 9576 8444
1036 3146 141 3223 413 9569 8414
1037 3135 138 3224 414 9609 8442
1038 3157 142 3249 416 9644 8475
1039 3160 139 3246 418 9668 8498
1040 3173 138 3256 416 9669 8560
1041 3189 140 3261 422 9705 8529
1042 3182 139 3259 416 9690 8553
1043 3201 138 3272 418 9758 8523
1044 3193 140 3270 418 9769 8621
1045 3196 140 3278 420 9746 8658
1046 3201 139 3280 416 9821 8602
1047 3196 139 3278 419 9778 8671
1048 3223 140 3308 418 9838 8717
1049 3221 140 3303 418 9851 8692
1050 3224 139 3309 421 9860 8739
1051 3238 140 3315 421 9912 8741
1052 3246 142 3322 426 9981 8765
1053 3246 140 3325 423 9960 8765
1054 3257 141 3342 424 9985 8850
1055 3243 140 3323 425 9992 8777
1056 3248 142 3332 423 9992 8810
1057 3265 140 3344 425 10048 8867
1058 3273 141 3353 422 10052 8936
1059 3279 141 3364 424 10090 8917
1060 3294 141 3374 430 10144 9027
1061 3300 141 3377 430 10179 9018
1062 3303 141 3380 426 10199 8993
1063 3306 143 3389 431 10279 9017
1064 3309 143 3403 428 10251 9037
1065 3328 142 3407 428 10316 9053
1066 3324 142 3412 430 10310 9072
1067 3328 142 3407 427 10279 9130
1068 3352 143 3423 430 10308 9184
1069 3335 143 3417 430 10341 9163
1070 3351 143 3434 431 10450 9167
1071 3362 144 3442 431 10435 9245
1072 3360 142 3447 430 10430 9208
1073 3372 143 3448 440 10469 9232
1074 3377 143 3463 438 10500 9274
1075 3388 144 3469 435 10587 9264
1076 3386 144 3464 435 10522 9298
1077 3396 144 3480 433 10554 9333
1078 3394 144 3486 435 10564 9318
1079 3427 146 3510 442 10606 9375
1080 3423 145 3500 437 10604 9385
1081 3425 145 3505 440 10629 9381
1082 3427 144 3505 436 10622 9377
1083 3439 145 3516 438 10658 9397
1084 3443 145 3522 439 10662 9434
1085 3440 145 3523 441 10670 9520
1086 3449 145 3529 442 10687 9450
1087 3498 146 3582 445 10872 9585
1088 3479 147 3568 449 10808 9579
1089 3474 146 3562 443 10783 9495
1090 3490 146 3575 448 10840 9591
1091 3486 146 3562 444 10798 9520
1092 3499 146 3582 443 10854 9575
1093 3512 147 3592 445 10860 9650
1094 3510 147 3590 440 10852 9635
1095 3517 147 3600 448 10905 9660
1096 3520 147 3595 450 10941 9668
1097 3528 147 3613 447 10938 9686
1098 3538 148 3615 453 10984 9653
1099 3539 148 3615 447 10945 9666
1100 3527 146 3611 446 10922 9627
1101 3545 148 3625 448 11030 9656
1102 3559 148 3644 458 11033 9761
1103 3571 147 3658 449 11084 9746
1104 3577 148 3666 448 11097 9763
1105 3556 148 3640 448 11070 9747
1106 3583 149 3662 452 11083 9754
1107 3615 148 3694 453 11195 9825
1108 3595 150 3681 461 11157 9823
1109 3605 149 3697 452 11201 9897
1110 3602 150 3691 453 11145 9856
1111 3618 149 3708 454 11203 9914
1112 3622 149 3713 453 11236 9886
1113 3622 150 3699 454 11248 9917
1114 3625 151 3720 456 11235 9914
1115 3631 149 3722 455 11321 9930
1116 3650 149 3739 457 11291 9964
1117 3644 150 3733 459 11291 9999
1118 3668 151 3755 462 11350 9994
1119 3647 150 3737 462 11307 9927
1120 3660 150 3738 462 11314 9981
1121 3669 150 3765 458 11336 10037
1122 3691 150 3770 458 11453 10049
1123 3703 151 3791 463 11514 10073
1124 3703 152 3790 474 11417 10142
1125 3695 151 3771 458 11448 10047
1126 3702 150 3792 460 11476 10170
1127 3702 151 3798 458 11500 10097
1128 3725 151 3820 464 11580 10141
1129 3734 152 3830 466 11568 10179
1130 3733 152 3828 462 11548 10198
1131 3749 153 3835 464 11622 10244
1132 3741 152 3822 465 11537 10425
1133 3762 152 3855 465 11628 10325
1134 3767 155 3848 464 11647 10232
1135 3776 153 3865 467 11720 10322
1136 3786 153 3871 468 11721 10271
1137 3808 153 3875 468 11789 10365
1138 3801 154 3888 466 11726 10391
1139 3815 153 3907 467 11813 10341
1140 3809 154 3902 466 11768 10443
1141 3811 154 3891 468 11788 10387
1142 3832 155 3907 471 11780 10429
1143 3836 155 3919 476 11884 10472
1144 3838 153 3923 475 11842 10442
1145 3845 154 3932 473 11877 10505
1146 3839 154 3907 468 11853 10418
1147 3837 154 3937 474 11876 10511
1148 3878 155 3966 479 11983 10573
1149 3887 154 3964 475 11984 10566
1150 3885 155 3969 474 12039 10583
1151 3896 156 3973 476 12067 10538
1152 3875 155 3960 476 11960 10574
1153 3897 155 3991 475 12080 10544
1154 3905 154 3998 475 12090 10585
1155 3904 155 3992 475 12091 10594
1156 3929 156 4015 480 12172 10686
1157 3922 157 4013 477 12075 10692
1158 3929 156 4017 475 12179 10707
1159 3934 156 4022 479 12068 10683
1160 3937 157 4021 479 12117 10698
1161 3946 156 4027 482 12201 10734
1162 3957 156 4025 480 12185 10728
1163 3964 157 4052 483 12231 10781
1164 3964 156 4057 480 12266 10704
1165 3981 156 4067 483 12290 10836
1166 3987 156 4074 482 12266 10805
1167 3992 158 4079 488 12301 10871
1168 4002 157 4093 484 12328 10894
1169 4011 157 4101 485 12379 10913
1170 3999 158 4102 485 12379 10922
1171 4011 158 4099 485 12385 10843
1172 4021 159 4109 485 12375 10965
1173 4038 157 4120 486 12382 10947
1174 4090 161 4179 494 12639 11023
1175 4046 158 4145 486 12499 10916
1176 4045 157 4128 488 12553 10921
1177 4064 159 4155 489 12520 11033
1178 4060 159 4157 499 12553 11026
1179 4070 159 4173 489 12567 10956
1180 4074 159 4161 489 12564 11108
1181 4086 159 4177 491 12617 11044
1182 4101 161 4188 497 12587 11147
1183 4095 159 4191 494 12617 11157
1184 4114 160 4212 495 12678 11213
1185 4112 160 4199 498 12676 11161
1186 4126 161 4210 495 12701 11231
1187 4126 159 4212 493 12703 11182
1188 4137 161 4237 495 12774 11286
1189 4155 160 4258 496 12861 11227
1190 4172 160 4243 495 12820 11172
1191 4162 160 4245 496 12884 11232
1192 4166 160 4249 498 12821 11245
1193 4165 161 4250 497 12844 11238
1194 4172 159 4266 498 12869 11259
1195 4188 161 4274 499 12869 11378
1196 4180 160 4281 500 12897 11381
1197 4199 161 4281 501 12912 11353
1198 4197 162 4294 500 12959 11355
1199 4211 162 4303 501 13007 11385
1200 4209 163 4300 505 13031 11431
1201 4224 162 4311 500 12965 11439
1202 4244 163 4330 507 13081 11511
1203 4270 164 4372 509 13166 11543
1204 4240 163 4334 505 13079 11451
1205 4251 161 4341 503 13127 11491
1206 4260 163 4352 509 13130 11510
1207 4274 163 4361 504 13182 11571
1208 4270 162 4367 505 13165 11577
1209 4288 162 4375 512 13268 11523
1210 4281 162 4372 507 13191 11534
1211 4311 164 4402 512 13309 11775
1212 4299 162 4397 504 13241 11579
1213 4309 165 4405 510 13275 11710
1214 4321 164 4417 509 13296 11680
1215 4321 162 4403 508 13296 11648
1216 4331 165 4421 510 13314 11749
1217 4345 164 4432 509 13302 11782
1218 4342 165 4436 511 13347 11723
1219 4371 168 4464 514 13428 11847
1220 4350 164 4443 512 13353 11828
1221 4365 165 4461 517 13422 11790
1222 4361 165 4469 513 13516 11764
1223 4380 166 4474 518 13433 11907
1224 4384 165 4479 516 13500 11915
1225 4402 166 4503 522 13527 11859
1226 4401 166 4495 515 13508 11927
1227 4425 167 4509 519 13606 11960
1228 4422 174 4523 515 13672 11927
1229 4418 166 4508 516 13575 11964
1230 4421 165 4519 518 13672 11880
1231 4414 166 4503 516 13603 11864
1232 4446 166 4536 522 13659 12025
1233 4437 167 4545 523 13650 12012
1234 4465 165 4538 516 13682 11991
1235 4468 167 4564 523 13731 12133
1236 4482 166 4573 520 13761 12068
1237 4480 168 4585 522 13804 12090
1238 4488 167 4592 523 13840 12122
1239 4501 167 4584 523 13869 12096
1240 4489 167 4589 522 13819 12101
1241 4500 167 4588 523 13787 12190
1242 4508 167 4602 523 13844 12202
1243 4526 168 4616 527 13879 12250
1244 4539 168 4633 527 13908 12286
1245 4545 170 4641 525 13984 12199
1246 4543 168 4634 528 13931 12282
1247 4548 169 4652 528 14009 12271
1248 4573 169 4657 526 14030 12300
1249 4563 168 4654 526 14011 12285
1250 4569 169 4667 528 14032 12327
1251 4581 171 4695 527 14040 12380
1252 4612 170 4703 534 14136 12460
1253 4595 169 4703 530 14112 12383
1254 4624 170 4712 532 14182 12486
1255 4620 169 4702 532 14154 12479
1256 4608 170 4707 534 14175 12465
1257 4619 170 4721 539 14177 12509
1258 4615 169 4719 531 14169 12481
1259 4643 170 4739 534 14314 12449
1260 4642 171 4742 534 14222 12564
1261 4675 171 4764 536 14354 12619
1262 4649 171 4742 537 14324 12531
1263 4689 172 4778 536 14399 12602
1264 4672 170 4768 535 14394 12619
1265 4693 172 4784 540 14420 12639
1266 4687 172 4790 537 14360 12631
1267 4707 171 4789 540 14383 12725
1268 4685 171 4796 540 14418 12713
1269 4698 171 4798 539 14469 12665
1270 4731 170 4831 542 14583 12682
1271 4717 171 4813 538 14506 12699
1272 4738 172 4859 540 14592 12781
1273 4746 172 4845 542 14548 12779
1274 4758 172 4841 544 14577 12782
1275 4779 173 4869 548 14671 12882
1276 4790 175 4875 543 14680 12924
1277 4783 173 4878 542 14667 12909
1278 4781 173 4878 545 14733 12883
1279 4793 173 4889 547 14765 12869
1280 4814 176 4914 549 14798 12962
1281 4800 172 4895 550 14690 12962
1282 4791 173 4889 545 14752 12916
1283 4823 174 4927 551 14807 13055
1284 4832 174 4923 548 14843 13064
1285 4834 174 4925 550 14879 13079
1286 4833 175 4935 551 14929 13035
1287 4866 175 4964 555 14960 13189
1288 4852 175 4950 549 15028 13136
1289 4867 176 4970 548 14988 13217
1290 4877 174 4972 559 15029 13265
1291 4877 174 4983 553 15122 13236
1292 4881 175 4988 551 15216 13265
1293 4891 175 4988 553 15154 13505
1294 4893 174 4995 553 15199 13309
1295 4913 175 5010 555 15233 13363
1296 4920 176 5018 555 15243 13384
1297 4936 176 5050 562 15326 13509
1298 4927 176 5025 554 15299 13461
1299 4938 176 5034 559 15347 13479
1300 4937 176 5047 556 15320 13538
1301 4969 177 5067 559 15420 13623
1302 4979 176 5081 563 15557 13635
1303 4969 178 5072 560 15515 13685
1304 4974 177 5075 560 15531 13617
1305 4999 179 5105 561 15629 13684
1306 4992 177 5081 559 15542 13714
1307 5015 177 5112 560 15715 13683
1308 5016 178 5114 562 15730 13748
1309 5014 177 5104 562 15590 13798
1310 5025 177 5113 559 15669 13749
1311 5049 179 5152 564 15778 13845
1312 5041 178 5143 564 15830 13852
1313 5055 178 5165 563 15820 13831
1314 5056 178 5172 565 15883 13887
1315 5055 179 5154 567 15822 13819
1316 5074 178 5178 567 15781 14010
1317 5085 180 5182 567 15864 13986
1318 5093 179 5182 565 15914 14010
1319 5101 179 5186 567 15924 14015
1320 5093 180 5206 568 15970 14077
1321 5093 179 5199 572 15918 13966
1322 5114 179 5219 573 16031 14004
1323 5111 180 5217 568 16013 14076
1324 5125 180 5228 570 16084 14137
1325 5150 180 5255 568 16178 14155
1326 5164 180 5247 574 16070 14206
1327 5157 181 5259 574 16113 14202
1328 5185 182 5276 575 16235 14377
1329 5196 182 5298 574 16195 14250
1330 5186 183 5293 577 16161 14287
1331 5195 182 5295 575 16236 14289
1332 5198 184 5302 575 16251 14219
1333 5193 182 5297 575 16213 14310
1334 5222 182 5329 577 16386 14288
1335 5212 182 5327 582 16351 14313
1336 5233 182 5338 577 16356 14313
1337 5242 182 5339 581 16468 14432
1338 5254 183 5362 578 16413 14385
1339 5250 182 5356 579 16441 14497
1340 5253 183 5345 579 16462 14430
1341 5275 183 5370 579 16415 14555
1342 5276 183 5379 582 16544 14451
1343 5288 184 5385 581 16503 14447
1344 5298 185 5408 585 16507 14509
1345 5316 184 5405 584 16657 14579
1346 5333 184 5440 590 16715 14602
1347 5321 183 5415 584 16641 14603
1348 5335 182 5423 589 16603 14567
1349 5317 183 5435 585 16622 14653
1350 5332 183 5430 582 16568 14676
1351 5339 183 5452 585 16697 14670
1352 5342 183 5451 584 16753 14636
1353 5347 182 5448 584 16688 14604
1354 5360 184 5464 586 16798 14687
1355 5380 188 5482 587 16880 14658
1356 5383 184 5485 588 16773 14721
1357 5376 183 5476 585 16814 14637
1358 5405 185 5497 588 16832 14821
1359 5447 187 5520 592 16937 14836
1360 5411 186 5513 589 16891 14843
1361 5412 189 5507 593 16845 14884
1362 5439 186 5543 596 16932 14881
1363 5431 184 5536 592 16894 15002
1364 5459 190 5558 596 16950 14931
1365 5443 186 5546 599 16986 14879
1366 5449 186 5550 592 16991 14875
1367 5476 186 5575 593 17063 14909
1368 5493 187 5596 595 17078 15005
1369 5471 186 5585 598 17027 15048
1370 5505 186 5608 599 17080 15340
1371 5517 188 5623 598 17226 15038
1372 5511 188 5622 598 17223 15139
1373 5515 187 5611 600 17167 15121
1374 5547 187 5652 601 17255 15134
1375 5544 186 5654 607 17284 15135
1376 5542 189 5652 601 17330 15167
1377 5550 186 5648 601 17295 15102
1378 5563 187 5676 606 17412 15180
1379 5582 187 5675 601 17381 15129
1380 5567 188 5667 602 17389 15198
1381 5581 188 5689 602 17327 15326
1382 5551 189 5661 604 17305 15246
1383 5599 189 5707 601 17432 15273
1384 5608 189 5714 606 17515 15327
1385 5637 189 5747 607 17573 15508
1386 5655 188 5780 608 17588 15539
1387 5634 188 5742 613 17585 15369
1388 5651 191 5751 609 17584 15475
1389 5656 194 5760 610 17608 15462
1390 5640 189 5752 607 17564 15416
1391 5675 190 5779 620 17732 15529
1392 5684 191 5795 613 17668 15418
1393 5696 191 5795 612 17706 15534
1394 5698 190 5808 614 17832 15548
1395 5710 191 5818 613 17782 15598
1396 5692 191 5800 611 17754 15486
1397 5718 191 5828 611 17795 15567
1398 5719 191 5827 615 17803 15559
1399 5744 192 5869 616 17955 15681
1400 5736 191 5844 612 17767 15653
1401 5732 190 5845 615 17876 15704
1402 5755 191 5851 614 17806 15738
1403 5754 192 5855 615 17952 15641
1404 5764 192 5875 618 17992 15803
1405 5786 191 5890 616 18024 15710
1406 5771 192 5888 613 17867 15742
1407 5793 193 5899 618 18055 15845
1408 5807 193 5909 618 18018 15780
1409 5798 192 5904 618 18009 15818
1410 5818 192 5936 622 18144 15974
1411 5826 193 5931 618 18128 15810
1412 5855 193 5967 627 18151 16086
1413 5848 193 5950 621 18190 15903
1414 5849 193 5963 624 18271 15997
1415 5854 193 5955 622 18118 15961
1416 5862 194 5965 623 18232 15899
1417 5872 193 5978 629 18184 16014
1418 5897 192 6004 625 18283 15975
1419 5884 193 5996 623 18333 16044
1420 5895 194 6006 626 18270 16418
1421 5903 193 6008 627 18339 16165
1422 5914 194 6033 632 18318 16103
1423 5931 195 6027 631 18415 16107
1424 5948 195 6065 633 18546 16291
1425 5951 195 6079 633 18504 16200
1426 5950 194 6054 637 18535 16204
1427 5974 194 6080 632 18573 16333
1428 5975 195 6090 629 18644 16157
1429 5997 197 6111 632 18668 16361
1430 5994 194 6091 635 18599 16338
1431 6019 195 6121 633 18734 16404
1432 5988 195 6087 632 18586 16307
1433 6021 196 6135 637 18766 16346
1434 6020 197 6123 634 18637 16455
1435 6034 196 6138 633 18710 16378
1436 6028 196 6129 633 18718 16352
1437 6094 198 6218 645 19014 16644
1438 6238 203 6354 656 19356 16940
1439 6050 198 6177 638 18842 16474
1440 6066 196 6170 645 18902 16422
1441 6094 197 6203 646 18861 16639
1442 6074 198 6196 638 18909 16543
1443 6122 202 6236 640 18992 16696
1444 6100 197 6199 638 18875 16584
1445 6116 198 6235 644 18963 16718
1446 6105 197 6233 642 19007 16576
1447 6121 199 6222 640 19087 16555
1448 6153 199 6264 644 19109 16747
1449 6151 198 6262 642 19080 16790
1450 6157 198 6247 640 19068 16662
1451 6126 198 6233 640 19004 16637
1452 6179 198 6288 644 19144 16867
1453 6192 200 6311 648 19299 16831
1454 6198 198 6307 648 19249 16858
1455 6223 199 6333 646 19269 16918
1456 6211 198 6325 646 19298 16886
1457 6217 200 6327 646 19267 16895
1458 6229 200 6339 650 19265 16958
1459 6229 200 6331 652 19275 16955
1460 6244 200 6354 652 19355 16972
1461 6278 201 6399 655 19396 17120
1462 6278 201 6402 652 19489 17027
1463 6262 200 6379 650 19388 17113
1464 6255 200 6368 652 19452 17047
1465 6293 201 6391 653 19504 17096
1466 6301 200 6403 653 19408 17083
1467 6295 200 6419 653 19521 17166
1468 6331 201 6444 653 19581 17194
1469 6313 201 6432 654 19470 17161
1470 6354 201 6459 654 19795 17094
1471 6328 201 6449 653 19561 17205
1472 6354 201 6469 656 19740 17190
1473 6371 203 6472 655 19698 17261
1474 6356 202 6470 658 19685 17177
1475 6356 202 6477 658 19709 17359
1476 6372 201 6474 658 19804 17239
1477 6397 202 6494 659 19785 17322
1478 6410 204 6519 659 19762 17356
1479 6399 202 6508 658 19769 17637
1480 6414 203 6525 662 19860 17447
1481 6436 203 6542 659 19877 17479
1482 6415 203 6540 665 19875 17450
1483 6452 202 6561 663 19957 17481
1484 6454 205 6554 667 19919 17572
1485 6453 202 6560 663 20033 17393
1486 6460 204 6569 672 20064 17515
1487 6454 204 6569 667 20036 17511
1488 6492 204 6603 672 20084 17553
1489 6502 205 6610 666 20161 17543
1490 6500 206 6618 669 20150 17725
1491 6504 204 6621 666 20171 17652
1492 6520 205 6618 668 20213 17702
1493 6513 207 6633 667 20254 17666
1494 6533 205 6639 669 20247 17707
1495 6540 206 6650 671 20210 17755
1496 6563 205 6700 675 20337 17807
1497 6535 205 6664 672 20186 17787
1498 6559 205 6663 674 20230 17859
1499 6575 204 6695 675 20298 17847
1500 6578 205 6694 671 20360 17826
1501 6617 205 6737 677 20491 17988
1502 6575 206 6699 676 20299 17807
1503 6610 207 6722 675 20407 17953
1504 6632 208 6742 677 20562 17966
1505 6634 207 6744 677 20449 18106
1506 6630 206 6753 679 20528 17996
1507 6631 214 6753 676 20522 18060
1508 6669 208 6780 679 20602 18159
1509 6661 206 6784 678 20594 18006
1510 6680 208 6796 678 20661 18388
1511 6683 208 6803 680 20668 18150
1512 6702 207 6793 681 20704 18113
1513 6705 208 6816 684 20743 18177
1514 6714 209 6820 681 20759 18230
1515 6714 208 6827 684 20774 18190
1516 6729 207 6850 682 20875 18248
1517 6754 209 6874 685 20908 18232
1518 6753 208 6868 681 20815 18310
1519 6751 209 6872 686 20907 18268
1520 6758 208 6915 683 20905 18253
1521 6769 209 6871 684 20945 18320
1522 6765 209 6874 684 20968 18391
1523 6804 210 6910 686 21022 18352
1524 6797 209 6919 686 21022 18414
1525 6803 210 6925 689 21060 18403
1526 6806 210 6933 686 21083 18535
1527 6818 210 6934 686 21100 18367
1528 6828 210 6945 688 21123 18448
1529 6848 211 6968 691 21137 18507
1530 6862 216 6986 690 21213 18614
1531 6867 209 6982 689 21266 18560
1532 6865 210 6973 690 21243 18519
1533 6872 208 7000 692 21156 18640
1534 6897 211 7016 698 21307 18594
1535 6930 212 7033 693 21400 18620
1536 6915 212 7032 696 21395 18769
1537 6905 211 7025 692 21353 18695
1538 6893 210 7015 692 21320 18562
1539 6942 212 7043 693 21454 18716
1540 6931 212 7038 698 21484 18838
1541 6955 211 7067 700 21481 18852
1542 6975 209 7082 696 21521 18906
1543 6955 212 7068 696 21500 18703
1544 6948 210 7072 696 21519 18837
1545 6993 218 7121 698 21636 18876
1546 7004 213 7119 699 21708 18939
1547 7009 214 7124 699 21740 18947
1548 7016 211 7119 706 21600 18951
1549 7050 213 7161 704 21812 19052
1550 7045 213 7166 708 21624 18997
1551 7031 212 7146 700 21820 18973
1552 7054 213 7167 701 21737 19038
1553 7053 212 7179 703 21785 19090
1554 7074 212 7200 703 21756 19072
1555 7077 215 7212 706 21886 19157
1556 7098 214 7210 705 21837 19149
1557 7102 214 7219 711 22005 19175
1558 7110 213 7226 706 21921 19263
1559 7132 215 7238 707 22031 19309
1560 7137 216 7253 710 21997 19294
1561 7135 214 7246 708 22038 19254
1562 7163 215 7278 711 22165 19283
1563 7144 214 7267 711 22075 19417
1564 7168 215 7291 708 22117 19316
1565 7152 213 7276 709 22071 19419
1566 7158 214 7277 710 22158 19321
1567 7171 216 7307 712 22138 19425
1568 7179 216 7314 710 22205 19412
1569 7202 215 7317 711 22263 19521
1570 7226 216 7356 715 22407 19527
1571 7212 216 7338 717 22367 19545
1572 7239 216 7341 714 22436 19808
1573 7234 214 7339 714 22366 19659
1574 7260 215 7380 716 22451 19740
1575 7281 216 7392 718 22533 19718
1576 7278 217 7394 721 22670 19772
1577 7271 216 7407 715 22610 19841
1578 7294 218 7412 718 22603 19841
1579 7307 217 7426 719 22746 19884
1580 7303 219 7421 721 22746 19944
1581 7340 216 7453 721 22774 20016
1582 7326 219 7442 721 22893 19907
1583 7347 217 7455 722 22791 19882
1584 7374 218 7493 723 22922 20183
1585 7350 217 7479 724 22924 20155
1586 7359 217 7476 724 22984 20153
1587 7371 218 7485 724 23015 20176
1588 7373 219 7479 722 22981 20214
1589 7378 218 7506 724 23037 20348
1590 7398 219 7519 724 23270 20264
1591 7411 219 7525 728 23163 20320
1592 7427 219 7557 728 23227 20486
1593 7453 218 7566 735 23268 20604
1594 7445 220 7571 735 23297 20487
1595 7462 221 7599 741 23534 20461
1596 7488 219 7595 731 23465 20648
1597 7520 220 7636 735 23596 20768
1598 7491 218 7611 730 23529 20538
1599 7496 220 7620 732 23626 20672
1600 7476 221 7595 728 23438 20702
1601 7501 221 7620 732 23567 20847
1602 7503 220 7634 734 23638 20699
1603 7534 222 7657 738 23764 20817
1604 7506 221 7641 732 23554 20829
1605 7524 220 7651 739 23811 20860
1606 7560 221 7682 736 23805 20987
1607 7547 221 7669 740 23877 20851
1608 7559 222 7700 738 23907 20854
1609 7555 221 7679 737 23719 20925
1610 7583 222 7699 738 23968 21021
1611 7598 222 7720 741 23981 21080
1612 7589 223 7715 742 23938 20982
1613 7597 222 7722 739 23843 21066
1614 7609 223 7742 739 24008 21112
1615 7636 231 7740 744 24053 21209
1616 7655 223 7777 742 24056 21181
1617 7649 222 7769 740 24007 21278
1618 7682 225 7789 746 24186 21208
1619 7641 223 7782 742 24035 21132
1620 7670 223 7794 742 24225 21232
1621 7675 222 7798 742 24099 21216
1622 7727 225 7825 751 24290 21320
1623 7717 222 7847 747 24360 21372
1624 7716 224 7866 751 24309 21362
1625 7722 223 7839 747 24400 21295
1626 7740 225 7850 746 24389 21843
1627 7737 223 7856 751 24369 21411
1628 7765 224 7898 749 24485 21417
1629 7753 225 7870 752 24407 21553
1630 7776 225 7890 753 24449 21542
1631 7789 224 7916 752 24509 21371
1632 7793 225 7916 753 24618 21460
1633 7779 224 7908 751 24448 21561
1634 7917 228 8028 765 24970 21960
1635 7831 224 7954 756 24535 21625
1636 7893 225 7984 757 24811 21758
1637 7840 226 7959 754 24674 21673
1638 7861 226 8001 757 24620 21823
1639 7862 224 7985 758 24732 21708
1640 7861 226 7990 756 24664 21829
1641 7888 224 7995 756 24803 21633
1642 7874 225 7990 758 24853 21762
1643 7910 228 8026 758 24923 21843
1644 7921 227 8041 761 24963 21991
1645 7928 226 8065 758 24867 21851
1646 7920 228 8044 775 24954 21860
1647 7940 225 8066 762 25037 21833
1648 7950 227 8069 760 24961 21973
1649 7964 228 8093 762 24932 22121
1650 7956 227 8088 766 24915 22013
1651 7994 227 8111 765 25185 22107
1652 7991 227 8118 764 25145 22030
1653 7989 227 8116 763 25134 22063
1654 7997 227 8132 765 25171 22012
1655 8005 228 8134 769 25250 22294
1656 8014 229 8152 767 25222 22096
1657 8020 229 8158 767 25347 22057
1658 8054 228 8183 769 25339 22187
1659 8049 230 8179 770 25372 22119
1660 8062 230 8194 769 25326 22341
1661 8056 229 8196 767 25412 22184
1662 8102 229 8222 778 25604 22305
1663 8096 230 8236 769 25331 22353
1664 8099 229 8220 771 25438 22316
1665 8094 229 8224 772 25351 22308
1666 8149 230 8264 774 25572 22462
1667 8126 230 8244 770 25451 22433
1668 8126 230 8267 775 25624 22315
1669 8135 231 8266 771 25465 22419
1670 8189 231 8290 783 25724 22561
1671 8213 232 8333 780 25756 22573
1672 8199 230 8314 779 25801 22564
1673 8194 233 8325 779 25739 22691
1674 8212 232 8336 780 25637 22637
1675 8221 232 8355 783 25920 22578
1676 8224 232 8340 783 25767 22629
1677 8239 232 8366 778 25855 22616
1678 8235 231 8381 784 25853 22728
1679 8244 233 8383 780 25930 22651
1680 8240 232 8379 781 25837 22722
1681 8265 233 8402 784 25949 22725
1682 8289 232 8407 782 26103 22889
1683 8295 232 8416 783 26001 22950
1684 8292 232 8437 781 26055 22830
1685 8312 234 8432 786 26125 22967
1686 8306 233 8471 788 26105 22994
1687 8330 232 8453 788 26111 22857
1688 8321 232 8442 783 26168 22796
1689 8345 237 8475 789 26217 23018
1690 8342 233 8472 786 26149 22950
1691 8369 233 8529 789 26320 22962
1692 8316 231 8460 786 25988 23071
1693 8378 232 8531 790 26318 23043
1694 8399 234 8540 796 26435 23116
1695 8385 234 8518 790 26231 23135
1696 8435 234 8572 797 26466 23212
1697 8424 241 8555 811 26443 23195
1698 8421 234 8570 792 26458 23189
1699 8442 233 8571 792 26487 23211
1700 8448 234 8561 792 26485 23148
1701 8443 234 8572 796 26675 23155
1702 8493 236 8611 796 26593 23264
1703 8483 236 8619 797 26639 23307
1704 8468 234 8611 794 26595 23282
1705 8519 237 8657 801 26752 23393
1706 8516 235 8652 797 26767 23354
1707 8551 236 8663 799 26744 23482
1708 8495 234 8671 795 26702 23282
1709 8522 237 8645 795 26796 23289
1710 8551 236 8691 799 26817 23488
1711 8555 237 8690 801 26757 23651
1712 8564 237 8694 802 26883 23550
1713 8589 237 8709 804 26980 23543
1714 8585 239 8723 801 26937 23537
1715 8586 237 8719 800 26786 23682
1716 8586 237 8732 800 26970 23482
1717 8642 237 8761 810 27036 23867
1718 8627 238 8761 806 27018 23686
1719 8646 237 8765 807 27167 23713
1720 8650 237 8781 807 27067 23842
1721 8691 240 8802 807 27245 23868
1722 8631 237 8762 803 26918 23737
1723 8701 238 8860 812 27328 23849
1724 8711 240 8821 812 27180 23967
1725 8687 239 8809 808 27225 24171
1726 8718 241 8852 819 27311 23823
1727 8747 239 8861 813 27350 23996
1728 8752 240 8859 811 27372 23956
1729 8768 240 8911 812 27533 23987
1730 8772 239 8875 813 27431 24076
1731 8775 239 8905 814 27346 24139
1732 8763 240 8902 814 27520 23986
1733 8786 241 8922 818 27381 24243
1734 8804 240 8941 818 27614 24058
1735 8770 240 8906 817 27431 24107
1736 8834 241 8965 820 27641 24284
1737 8837 240 8958 820 27679 24058
1738 8832 241 8961 816 27563 24228
1739 8870 241 8997 821 27860 24187
1740 8854 241 8974 820 27839 24312
1741 8885 242 9003 821 27863 24340
1742 8948 244 9111 826 27967 24476
1743 8893 243 9015 826 27905 24386
1744 8874 242 9000 821 27795 24381
1745 8928 242 9060 829 28041 24548
1746 8927 242 9054 825 28079 24427
1747 8935 241 9057 827 27856 24383
1748 8938 241 9077 825 28025 24461
1749 8947 242 9075 824 28148 24446
1750 8977 242 9114 828 28084 24635
1751 8988 243 9125 828 28147 24630
1752 8979 243 9096 826 27963 24618
1753 8997 242 9117 830 28013 24639
1754 8998 244 9122 830 28154 24693
1755 9020 244 9155 829 28131 24610
1756 9052 244 9216 834 28415 24728
1757 9040 243 9180 832 28220 24766
1758 9075 243 9186 833 28287 24790
1759 9028 244 9164 831 28240 24725
1760 9069 245 9197 832 28338 24851
1761 9061 245 9198 831 28454 24699
1762 9123 245 9251 832 28402 24954
1763 9101 246 9232 835 28312 24977
1764 9085 244 9231 833 28396 24841
1765 9123 244 9263 843 28533 25007
1766 9117 244 9240 834 28400 24939
1767 9136 244 9265 837 28572 25088
1768 9146 245 9271 838 28603 25028
1769 9167 246 9292 838 28671 24974
1770 9175 246 9294 847 28733 25033
1771 9169 246 9300 838 28627 25545
1772 9209 248 9353 843 28805 25372
1773 9212 246 9327 842 28739 25153
1774 9217 245 9349 843 28838 25197
1775 9226 246 9365 844 28797 25201
1776 9228 247 9345 845 28852 25186
1777 9236 246 9374 845 28834 25342
1778 9248 246 9403 846 28881 25370
1779 9268 249 9413 844 29013 25261
1780 9283 247 9406 846 29156 25250
1781 9272 246 9416 844 29017 25382
1782 9277 247 9407 846 28936 25299
1783 9301 250 9425 847 29044 25310
1784 9288 247 9443 846 29149 25399
1785 9320 248 9455 853 29008 25479
1786 9334 247 9470 848 29116 25540
1787 9331 247 9473 848 29113 25468
1788 9363 250 9474 861 29276 25376
1789 9367 249 9511 853 29269 25653
1790 9352 249 9482 850 29183 25504
1791 9389 248 9513 849 29258 25654
1792 9394 248 9523 855 29238 25657
1793 9409 248 9567 853 29337 25674
1794 9419 249 9543 854 29456 26032
1795 9408 249 9558 850 29390 25820
1796 9453 248 9572 854 29404 25749
1797 9471 251 9586 857 29553 25847
1798 9442 250 9571 863 29457 25752
1799 9465 250 9589 856 29458 25886
1800 9477 253 9612 857 29569 25938
1801 9480 250 9632 857 29484 25883
1802 9480 251 9620 859 29668 25904
1803 9501 251 9645 863 29830 25938
1804 9543 251 9680 864 29783 26017
1805 9580 252 9698 864 29926 26081
1806 9554 251 9696 862 29883 26031
1807 9563 252 9689 862 29891 26019
1808 9569 252 9699 863 29889 26070
1809 9581 252 9722 867 30003 26143
1810 9602 252 9739 867 29845 26206
1811 9598 253 9738 866 29890 26232
1812 9579 252 9714 865 29821 26310
1813 9626 252 9751 869 30012 26279
1814 9638 253 9786 868 29947 26381
1815 9619 252 9748 868 29944 26290
1816 9641 255 9843 870 30201 26337
1817 9659 253 9806 875 30228 26271
1818 9665 257 9808 882 30044 26406
1819 9713 253 9823 869 30302 26377
1820 9689 252 9828 881 30221 26476
1821 9708 255 9851 874 30306 26467
1822 9709 254 9844 882 30324 26586
1823 9728 253 9847 874 30338 26389
1824 9750 255 9891 876 30497 26500
1825 9732 254 9881 871 30436 26589
1826 9731 254 9879 873 30395 26398
1827 9755 254 9890 875 30354 26572
1828 9799 255 9941 879 30597 26950
1829 9799 254 9920 877 30572 26706
1830 9806 256 9941 881 30706 26630
1831 9822 255 9943 878 30706 26654
1832 9819 254 9938 881 30609 26624
1833 9844 254 9967 879 30764 26641
1834 9863 256 9998 880 30758 26899
1835 9815 256 9963 876 30575 26681
1836 9865 254 10008 883 30877 26861
1837 9869 256 10016 884 30821 26759
1838 9861 254 10006 883 30630 26950
1839 9862 255 9994 880 30818 26783
1840 9898 256 10048 885 30780 27065
1841 9906 255 10044 886 30797 27349
1842 9926 258 10063 882 30818 26991
1843 10046 259 10186 893 31207 27275
1844 10017 257 10152 891 31267 27102
1845 9999 258 10134 890 31232 27132
1846 9998 257 10152 889 31105 27270
1847 10020 258 10137 893 31232 27168
1848 10017 260 10169 890 31195 27308
1849 10055 259 10197 894 31262 27287
1850 10020 260 10163 893 31263 27296
1851 10046 257 10199 893 31352 27410
1852 10079 259 10203 895 31401 27287
1853 10084 260 10220 901 31369 27579
1854 10101 259 10236 898 31484 27379
1855 10120 261 10239 898 31436 27531
1856 10157 259 10262 898 31503 27935
1857 10137 260 10273 897 31567 27473
1858 10126 260 10268 897 31570 27598
1859 10086 258 10222 893 31306 27508
1860 10128 259 10259 896 31522 27545
1861 10162 260 10288 909 31723 27619
1862 10122 258 10295 900 31438 27620
1863 10222 261 10356 904 31849 27823
1864 10241 262 10367 905 31742 27803
1865 10221 262 10357 902 31887 27773
1866 10186 261 10330 903 31657 27820
1867 10261 260 10404 907 31877 27786
1868 10238 261 10377 902 31865 27677
1869 10242 261 10374 911 31891 27924
1870 10303 262 10450 908 32024 28056
1871 10275 262 10427 908 31977 27884
1872 10300 261 10439 908 32139 28020
1873 10299 261 10432 906 32065 28006
1874 10309 262 10457 905 32163 28015
1875 10336 263 10469 909 32231 28015
1876 10300 262 10440 904 31965 28021
1877 10369 262 10485 912 32237 28030
1878 10356 262 10480 913 32180 28059
1879 10361 263 10502 911 32440 28014
1880 10404 265 10543 912 32281 28225
1881 10415 264 10547 919 32502 28252
1882 10404 264 10545 915 32440 28203
1883 10406 264 10575 915 32303 28292
1884 10405 264 10533 912 32385 28260
1885 10449 264 10581 916 32477 28384
1886 10451 265 10609 927 32597 28375
1887 10493 263 10623 919 32650 28425
1888 10486 266 10618 920 32385 28472
1889 10446 264 10583 915 32588 28295
1890 10430 263 10582 915 32411 28336
1891 10466 265 10634 920 32615 28500
1892 10496 265 10625 914 32669 28423
1893 10454 265 10671 917 32534 28361
1894 10504 265 10676 920 32648 28613
1895 10519 265 10664 923 32680 28504
1896 10505 266 10647 922 32815 28443
1897 10519 264 10655 922 32674 28657
1898 10557 267 10699 922 32750 28704
1899 10540 264 10681 930 32773 28502
1900 10571 267 10709 924 32746 28801
1901 10570 266 10713 932 32838 28696
1902 10614 266 10755 925 33022 28790
1903 10571 265 10734 925 32715 28802
1904 10618 266 10770 926 32884 28889
1905 10621 265 10767 928 32926 28857
1906 10594 266 10743 928 32861 28796
1907 10640 266 10775 925 33080 28912
1908 10671 267 10794 930 33142 28889
1909 10667 266 10801 932 33308 28920
1910 10669 268 10789 927 33202 28906
1911 10672 265 10822 927 33202 28897
1912 10707 267 10838 930 33214 29130
1913 10672 266 10810 924 33071 28925
1914 10706 267 10842 929 33266 29035
1915 10776 268 10894 936 33338 29285
1916 10746 268 10876 930 33497 29305
1917 10735 268 10859 933 33327 29095
1918 10768 269 10927 936 33480 29130
1919 10798 268 10927 940 33538 29430
1920 10773 267 10946 942 33577 29312
1921 10793 267 10933 936 33472 29294
1922 10809 269 10960 937 33702 29363
1923 10859 269 10985 949 33772 29487
1924 10826 269 10977 937 33718 29289
1925 10847 270 10995 941 33960 29462
1926 10855 270 11012 941 33913 29551
1927 10866 270 11010 940 33837 29605
1928 10878 271 11065 944 34058 29546
1929 10894 270 11031 943 34060 29675
1930 10902 270 11062 943 33877 29727
1931 10910 270 11054 943 34094 29623
1932 10914 270 11053 940 34126 29650
1933 10940 271 11079 943 34223 29907
1934 10953 270 11094 946 34266 29807
1935 10942 272 11089 948 34226 29909
1936 10974 271 11172 946 34331 30040
1937 10977 272 11124 946 34515 29973
1938 10949 270 11093 947 34348 30153
1939 10993 272 11142 956 34368 30103
1940 10996 272 11143 951 34435 30265
1941 11016 272 11176 951 34649 30209
1942 11047 275 11217 948 34747 30317
1943 11057 275 11206 952 34966 30288
1944 11057 272 11203 951 34889 30358
1945 11070 272 11226 953 34992 30684
1946 11064 274 11222 955 34850 30564
1947 11104 273 11233 954 35034 30648
1948 11125 273 11229 952 34959 30665
1949 11083 273 11247 954 34933 30674
1950 11139 275 11273 957 35095 30820
1951 11127 274 11235 957 35124 30948
1952 11157 273 11289 957 35178 30816
1953 11115 282 11265 954 35107 30884
1954 11170 273 11311 960 35271 30972
1955 11231 275 11362 960 35480 31078
1956 11207 274 11341 960 35600 30980
1957 11198 274 11334 959 35487 31035
1958 11183 273 11330 957 35418 31054
1959 11207 277 11361 971 35574 31076
1960 11223 275 11368 961 35654 31005
1961 11255 275 11390 964 35762 31167
1962 11241 275 11380 965 35568 31264
1963 11262 274 11410 965 35771 31265
1964 11293 277 11429 963 35622 31489
1965 11294 274 11444 965 35832 31276
1966 11303 277 11459 971 35991 31448
1967 11332 275 11493 967 35840 31539
1968 11327 276 11472 976 35764 31739
1969 11354 276 11487 966 35821 31665
1970 11362 275 11514 969 35929 31848
1971 11360 278 11512 969 36157 31345
1972 11378 275 11536 969 36017 31746
1973 11396 276 11538 969 36010 31750
1974 11398 277 11539 973 36094 31812
1975 11439 278 11571 972 36105 31833
1976 11427 277 11584 972 35906 32101
1977 11429 277 11596 975 36060 32084
1978 11463 277 11606 975 36160 32006
1979 11465 278 11628 980 36199 32203
1980 11479 277 11634 974 36213 31969
1981 11492 278 11649 977 36170 32307
1982 11502 279 11659 979 36220 32240
1983 11498 278 11666 975 36447 32103
1984 11518 279 11660 983 36366 32203
1985 11504 278 11663 978 36172 32384
1986 11567 278 11701 980 36554 31996
1987 11548 278 11698 982 36700 32019
1988 11584 281 11735 981 36602 32238
1989 11580 281 11745 983 36451 32479
1990 11595 279 11765 983 36550 32525
1991 11590 280 11753 981 36581 32802
1992 11578 280 11733 984 36591 32285
1993 11613 279 11754 984 36396 32701
1994 11619 279 11782 986 36689 32376
1995 11674 280 11822 987 36967 32337
1996 11649 281 11788 982 36915 32108
1997 11659 282 11808 985 37045 32259
1998 11697 282 11861 989 36694 32925
1999 11699 281 11844 995 36763 32772
2000 11690 282 11859 988 37122 32396
2001 11724 282 11865 990 36661 32962
2002 11830 284 11973 993 37347 32767
2003 11762 281 11918 998 37121 32693
2004 11757 282 11910 995 36885 32933
2005 11761 283 11925 993 36910 33104
2006 11785 286 11935 996 37410 32545
2007 11813 282 11946 994 37400 32665
2008 11820 283 11965 992 37505 32652
2009 11799 281 11955 998 37555 32524
2010 11796 283 11950 994 37676 32490
2011 11837 283 11970 994 37566 32669
2012 11843 284 11986 994 37593 32628
2013 11848 282 11998 998 37660 32663
2014 11906 285 12045 1003 37816 32808
2015 11869 283 12022 998 37653 32808
2016 11873 283 12020 999 37687 32752
2017 11916 284 12051 995 37759 33280
2018 11911 284 12065 1004 37790 32980
2019 11926 284 12082 1000 37864 32872
2020 11933 284 12088 1006 37638 33018
2021 11982 285 12126 1004 37976 33206
2022 11957 286 12120 1003 37866 33150
2023 11982 285 12115 1003 37837 33197
2024 11983 284 12146 1018 37903 33226
2025 11993 286 12139 1005 38127 33095
2026 12013 284 12193 1008 38239 33082
2027 12023 286 12165 1010 38214 33030
2028 11999 285 12157 1005 37923 33244
2029 12028 286 12186 1007 38041 33240
2030 12107 285 12190 1011 38131 33198
2031 12052 285 12211 1007 38148 33349
2032 12102 286 12230 1012 38315 33492
2033 12124 286 12272 1016 38294 33496
2034 12150 286 12289 1024 38196 33512
2035 12104 285 12257 1017 38291 33520
2036 12151 287 12314 1013 38411 33604
2037 12146 288 12289 1011 38656 33529
2038 12174 287 12326 1016 38578 33701
2039 12157 286 12311 1013 38438 33584
2040 12181 286 12337 1016 38596 33614
2041 12241 287 12365 1027 38551 33782
2042 12193 287 12344 1016 38471 33749
2043 11875 280 12048 989 37541 32844
2044 11866 280 12030 988 37550 32759
2045 11889 280 12043 994 37575 32881
2046 11930 280 12072 995 37619 32966
2047 11889 280 12056 990 37657 32835
2048 12004 278 12134 995 37757 33114
2049 11953 278 12078 991 37642 33033
2050 11947 279 12115 998 37806 32979
2051 12011 279 12173 1000 38016 33109
2052 11973 280 12128 998 37834 33053
2053 11966 280 12129 995 37675 33255
2054 11996 279 12136 999 37715 33221
2055 12004 280 12135 996 37876 33190
2056 12024 279 12147 997 37897 33240
2057 12032 280 12191 1000 38060 33194
2058 12076 282 12212 1001 37939 33364
2059 12048 280 12191 999 38191 33343
2060 12082 282 12236 1019 38122 33367
2061 12088 284 12248 1010 38105 33508
2062 12118 283 12272 1009 38163 33568
2063 12150 289 12283 1004 38278 33560
2064 12122 281 12279 1003 38250 33457
2065 12174 281 12317 1019 38313 33820
2066 12326 284 12418 1015 38669 33813
2067 12137 282 12276 1007 38159 33633
2068 12147 281 12313 1009 38206 33697
2069 12171 282 12328 1007 38346 33719
2070 12200 282 12382 1018 38587 33760
2071 12201 282 12326 1012 38403 33669
2072 12193 281 12353 1004 38479 33659
2073 12241 283 12402 1015 38430 33824
2074 12205 282 12379 1010 38497 33797
2075 12247 283 12409 1019 38646 33826
2076 12240 284 12414 1017 38486 33985
2077 12267 282 12415 1022 38530 33877
2078 12285 283 12426 1013 38671 33888
2079 12328 284 12466 1019 38736 34093
2080 12300 283 12455 1012 38638 34024
2081 12304 283 12449 1014 38634 34060
2082 12335 285 12490 1023 38755 34042
2083 12333 284 12485 1017 38895 33878
2084 12350 283 12490 1022 38935 34021
2085 12358 285 12520 1018 38930 34100
2086 12363 284 12515 1015 38828 34167
2087 12384 284 12541 1017 38788 34321
2088 12425 285 12597 1017 38980 34314
2089 12411 285 12634 1026 39017 34257
2090 12401 284 12563 1021 39122 34289
2091 12459 286 12595 1034 38947 34373
2092 12442 285 12654 1020 39142 34380
2093 12450 286 12623 1017 39074 34450
2094 12501 286 12687 1028 39245 34519
2095 12525 286 12643 1026 39379 34467
2096 12532 287 12689 1026 39247 34727
2097 12505 285 12660 1024 39278 34449
2098 12513 287 12684 1027 39322 34568
2099 12523 286 12660 1028 39365 34537
2100 12549 285 12704 1028 39437 34660
2101 12572 287 12688 1024 39558 34652
2102 12553 287 12723 1028 39506 34629
2103 12579 286 12723 1028 39539 34844
2104 12595 286 12743 1034 39459 34955
2105 12617 286 12747 1028 39519 34922
2106 12621 287 12796 1039 39733 34970
2107 12647 287 12759 1028 39578 35026
2108 12655 287 12785 1042 39458 35098
2109 12648 289 12793 1033 39790 34869
2110 12647 288 12844 1030 39554 35217
2111 12658 288 12821 1045 39793 35005
2112 12693 289 12849 1039 39806 35290
2113 12676 288 12845 1033 39758 35122
2114 12697 288 12853 1041 39819 35181
2115 12700 288 12857 1035 39884 35083
2116 12731 288 12862 1041 39759 35294
2117 12732 289 12874 1034 39911 35257
2118 12738 289 12901 1037 40054 35084
2119 12755 288 12912 1039 39965 35404
2120 12761 289 12920 1038 39978 35517
2121 12796 289 12933 1042 39985 35395
2122 12785 289 12956 1043 40127 35404
2123 12860 290 12990 1041 40211 35589
2124 12823 289 12965 1053 40245 35484
2125 12826 290 13009 1037 40103 35575
2126 12856 290 13025 1044 40269 35552
2127 12854 290 13009 1040 40345 35507
2128 12845 289 13001 1045 40194 35765
2129 12886 290 13028 1041 40242 35766
2130 12906 290 13077 1046 40500 35619
2131 12935 289 13073 1054 40466 35784
2132 12918 292 13078 1046 40387 35811
2133 12986 292 13088 1053 40489 35841
2134 12936 291 13093 1061 40578 35714
2135 12948 292 13133 1047 40679 35724
2136 12943 292 13122 1047 40534 35957
2137 12960 291 13137 1056 40579 36032
2138 12977 291 13143 1059 40550 36098
2139 12999 293 13149 1053 40583 36153
2140 13022 293 13165 1055 40618 36276
2141 13049 293 13202 1055 41188 35858
2142 13036 292 13187 1056 41096 35788
2143 13046 292 13207 1055 40964 36004
2144 13059 294 13231 1059 40650 36443
2145 13080 293 13240 1060 40610 36594
2146 13091 293 13323 1055 40895 36442
2147 13130 294 13268 1059 41195 36039
2148 13104 292 13261 1061 41292 35978
2149 13111 293 13274 1057 41175 36175
2150 13144 293 13291 1065 41363 36138
2151 13148 293 13299 1059 40845 36682
2152 13159 294 13327 1060 41193 36400
2153 13178 293 13332 1055 41451 36161
2154 13187 294 13359 1062 41501 36162
2155 13192 294 13375 1063 41619 36118
2156 13223 296 13376 1062 41676 36670
2157 13197 294 13373 1062 41521 36294
2158 13328 306 13480 1071 41878 36593
2159 13248 295 13408 1064 41602 36410
2160 13265 294 13414 1068 41764 36367
2161 13275 294 13463 1067 41796 36443
2162 13278 294 13444 1066 41826 36394
2163 13317 294 13456 1069 41950 36399
2164 13328 295 13494 1077 41858 36506
2165 13321 296 13485 1070 41950 36548
2166 13330 295 13489 1072 41975 36476
2167 13338 295 13527 1069 41990 36519
2168 13340 296 13493 1070 41952 36604
2169 13380 295 13546 1077 42141 36782
2170 13399 295 13525 1069 42124 36635
2171 13389 296 13548 1074 42002 36822
2172 13436 297 13559 1081 42041 36959
2173 13414 295 13590 1073 42137 36857
2174 13472 299 13637 1079 42279 37061
2175 13504 298 13653 1081 42288 37035
2176 13462 298 13637 1094 42436 36933
2177 13487 297 13634 1082 42233 37030
2178 13502 298 13627 1084 42331 37059
2179 13495 298 13645 1081 42353 37108
2180 13540 299 13743 1087 42546 37266
2181 13507 298 13657 1091 42463 37194
2182 13548 299 13691 1079 42454 37141
2183 13542 299 13693 1083 42529 37153
2184 13554 298 13715 1082 42596 37214
2185 13558 299 13740 1083 42636 37262
2186 13586 300 13753 1090 42683 37299
2187 13601 299 13763 1088 42671 37368
2188 13616 299 13764 1093 42714 37304
2189 13606 299 13761 1084 42770 37352
2190 13644 299 13791 1084 42647 37538
2191 13661 299 13830 1088 42817 37595
2192 13670 299 13824 1121 42823 37552
2193 13660 300 13820 1088 42842 37445
2194 13692 299 13844 1088 42884 37659
2195 13669 301 13844 1094 42829 37689
2196 13690 299 13845 1094 42896 37637
2197 13733 300 13893 1089 43130 37605
2198 13742 301 13891 1092 42917 37813
2199 13748 301 13905 1090 43111 37794
2200 13761 301 13906 1101 42965 37824
2201 13768 301 13930 1097 43165 37835
2202 13803 301 13946 1117 43391 37763
2203 13795 302 13938 1098 43209 37816
2204 13791 301 13993 1104 43322 37940
2205 13815 301 13987 1106 43308 37895
2206 13832 302 14020 1097 43451 37931
2207 13892 302 14046 1099 43405 38158
2208 13860 302 14028 1096 43353 38222
2209 13862 301 14003 1099 43482 38010
2210 13882 303 14042 1111 43417 38051
2211 13899 303 14039 1100 43470 38208
2212 13893 302 14068 1094 43550 38074
2213 13924 302 14104 1100 43593 38216
2214 13922 303 14082 1103 43506 38358
2215 13951 302 14099 1101 43648 38289
2216 13940 302 14127 1106 43686 38336
2217 13946 303 14128 1102 43556 38495
2218 13986 304 14155 1107 43705 38494
2219 14018 303 14150 1112 43917 38401
2220 13987 304 14178 1107 43796 38530
2221 14018 303 14166 1105 43906 38384
2222 14027 305 14191 1104 43786 38645
2223 14064 304 14249 1114 43997 38687
2224 14047 304 14250 1110 44036 38550
2225 14090 305 14260 1111 43940 38702
2226 14062 306 14263 1116 44032 38654
2227 14077 304 14230 1117 44049 38754
2228 14112 305 14268 1112 44077 38735
2229 14138 306 14280 1117 44174 38820
2230 14115 304 14288 1114 44284 38796
2231 14122 305 14308 1117 44178 38843
2232 14173 306 14326 1121 44438 38828
2233 14161 306 14325 1120 44340 38920
2234 14177 306 14413 1113 44260 38994
2235 14179 307 14368 1116 44388 38958
2236 14189 305 14355 1113 44380 39007
2237 14204 306 14385 1122 44514 38985
2238 14227 306 14378 1122 44598 39027
2239 14257 309 14433 1122 44608 39103
2240 14281 307 14466 1125 44588 39162
2241 14269 307 14448 1117 44530 39244
2242 14270 308 14448 1122 44550 39363
2243 14290 307 14445 1127 44664 39196
2244 14316 306 14478 1119 44753 39244
2245 14314 308 14481 1129 44803 39187
2246 14328 307 14486 1130 44665 39488
2247 14338 319 14513 1132 44685 39547
2248 14383 308 14520 1128 44793 39637
2249 14369 308 14530 1122 44750 39661
2250 14381 309 14562 1127 44905 39546
2251 14397 309 14560 1124 44883 39748
2252 14404 309 14593 1126 44766 39947
2253 14426 309 14598 1138 45041 39552
2254 14435 310 14623 1130 45020 39786
2255 14490 310 14653 1129 45077 39918
2256 14448 309 14615 1136 45165 39681
2257 14463 309 14629 1131 45113 39965
2258 14468 309 14635 1128 45164 39889
2259 14489 309 14651 1133 45087 40025
2260 14516 310 14663 1130 45154 40069
2261 14523 310 14694 1131 45070 40157
2262 14538 310 14700 1141 45363 39969
2263 14540 310 14714 1134 45436 39928
2264 14560 309 14723 1131 45369 40049
2265 14591 310 14757 1134 45492 40177
2266 14588 310 14764 1136 45371 40357
2267 14610 310 14789 1137 45572 40154
2268 14617 311 14772 1139 45508 40318
2269 14614 311 14791 1149 45717 40064
2270 14662 313 14821 1149 45639 40531
2271 14661 312 14818 1141 45556 40520
2272 14677 313 14828 1143 45732 40365
2273 14819 315 14970 1156 46053 41089
2274 15397 327 15535 1197 47721 42432
2275 15061 332 15188 1171 46867 41193
2276 14718 312 14891 1142 46046 40298
2277 14731 312 14891 1144 45818 40589
2278 14750 313 14908 1150 45940 40584
2279 14869 315 15054 1158 46568 40701
2280 14809 314 14965 1151 45996 40939
2281 14788 313 14958 1148 46084 40686
2282 14800 314 14971 1151 46257 41056
2283 14814 313 14977 1154 46032 40934
2284 14836 313 14992 1154 45956 41064
2285 14836 315 15002 1160 46362 40639
2286 14909 315 15098 1159 46425 40848
2287 14869 313 15035 1151 46122 41099
2288 14883 315 15059 1154 46303 40919
2289 14897 315 15045 1159 46419 40864
2290 14922 314 15070 1151 46546 40931
2291 14913 315 15068 1158 46329 41168
2292 14913 314 15093 1159 46558 41013
2293 14919 314 15102 1157 46635 40954
2294 14930 315 15114 1153 46757 40934
2295 14963 314 15118 1158 46631 41056
2296 14989 315 15166 1155 46752 41180
2297 14989 316 15167 1155 46865 41676
2298 15013 316 15172 1156 46561 41350
2299 15080 317 15210 1157 46950 40949
2300 15016 317 15196 1165 47144 41076
2301 15068 316 15242 1166 47190 41031
2302 15042 315 15210 1162 46939 41238
2303 15094 317 15273 1171 46561 41888
2304 15079 318 15231 1164 47148 41215
2305 15102 317 15256 1159 46895 41608
2306 15112 316 15286 1167 46746 41881
2307 15129 316 15290 1163 47249 41229
2308 15143 317 15326 1166 47345 41443
2309 15131 316 15302 1171 47412 41350
2310 15139 317 15306 1167 47323 41454
2311 15169 316 15338 1170 47497 41408
2312 15195 318 15346 1171 47511 41487
2313 15193 316 15342 1167 47497 41430
2314 15215 318 15388 1174 47536 41524
2315 15250 318 15401 1185 47681 41625
2316 15302 319 15422 1172 47774 41654
2317 15281 320 15456 1175 47769 41703
2318 15314 320 15514 1176 47976 41834
2319 15331 321 15516 1180 47905 41993
2320 15523 324 15676 1187 48501 42319
2321 15651 325 15829 1202 49050 42806
2322 15499 323 15661 1193 48569 42193
2323 16324 343 16516 1248 50968 44626
2324 16373 341 16555 1276 51085 44915
2325 18382 383 18594 1424 56835 50057
2326 19273 391 19426 1452 59193 51987
2327 18492 379 18634 1414 57289 50265
2328 18326 379 18576 1418 57046 49887
2329 18232 381 18461 1418 56761 49659
2330 18628 390 18832 1422 57696 51040
2331 18333 378 18581 1434 57230 49953
2332 17733 374 17902 1363 55019 48322
2333 17081 351 17259 1321 53435 46721
2334 17038 358 17169 1297 53182 46526
2335 17225 358 17415 1313 53584 47054
2336 17133 357 17320 1315 53547 46754
2337 17032 356 17218 1316 53196 46466
2338 16966 351 17219 1304 53176 46396
2339 17111 359 17241 1306 53262 46541
2340 16989 354 17153 1314 53060 46235
2341 17087 357 17305 1311 53359 46798
2342 17027 350 17188 1303 53191 46600
2343 16985 352 17252 1304 53112 46573
2344 17136 357 17311 1306 53548 46867
2345 17774 366 17956 1364 55319 48047
2346 17835 371 18059 1363 55672 48616
2347 17711 370 17979 1342 55232 48685
2348 17337 357 17499 1338 54138 47020
2349 17320 358 17480 1319 54164 47360
2350 17844 374 18026 1367 55271 48668
2351 17765 366 18015 1355 55202 48979
2352 17691 361 17879 1347 54950 48319
2353 17580 367 17903 1357 55047 48300
2354 17681 368 17938 1344 55216 48479
2355 17689 364 17925 1351 55334 48572
2356 17691 364 17920 1349 55104 48623
2357 17744 362 17887 1371 55427 48594
2358 17736 370 17955 1354 55236 48586
2359 17751 367 17955 1352 55505 48700
2360 17791 366 17956 1360 55402 48924
2361 17858 373 18037 1366 55828 48894
2362 17802 373 17955 1378 55605 48935
2363 17718 363 17888 1343 55497 48574
2364 17729 367 17872 1351 55550 48503
2365 17740 373 17884 1351 55479 48649
2366 17807 367 17944 1374 55560 48786
2367 17767 368 17954 1360 55924 48781
2368 17741 367 17988 1342 55735 49147
2369 17816 370 18000 1361 55560 49330
2370 17830 374 18019 1364 55843 49148
2371 17814 368 17997 1355 56066 49145
2372 17861 366 18032 1379 56272 48949
2373 17816 369 18031 1354 56212 49243
2374 17882 380 18036 1342 56442 49270
2375 17886 369 18094 1366 56508 49268
2376 17897 374 18149 1349 56482 49787
2377 17918 377 18123 1365 56577 49750
2378 17941 366 18149 1365 56631 49757
2379 17990 369 18164 1361 56589 49822
2380 17970 371 18165 1367 56881 49930
2381 17987 368 18197 1369 56741 50071
2382 17975 375 18177 1367 56772 50084
2383 17971 371 18280 1363 56934 50146
2384 18059 373 18231 1361 56966 50279
2385 18060 371 18273 1362 57346 50365
2386 18103 372 18312 1384 57506 50402
2387 17466 355 17613 1328 55312 48615
2388 16849 339 17012 1265 53490 47169
2389 17133 349 17350 1291 54463 47823
2390 17522 352 17768 1326 55755 49177
2391 17754 362 17950 1331 56551 49637
2392 17789 364 17989 1346 56519 50015
2393 17746 360 17822 1329 56155 49337
2394 17643 362 17793 1327 56081 49217
2395 18173 369 18361 1369 57998 50952
2396 18168 370 18406 1365 57875 51128
2397 18496 379 18757 1378 58869 52004
2398 18522 377 18679 1388 58841 51655
2399 18451 372 18610 1382 58647 51955
2400 18847 379 18953 1417 59674 52625
2401 18720 379 18840 1401 59177 52655
2402 18514 372 18671 1391 58955 51815
2403 18482 370 18679 1384 59045 51749
2404 18062 367 18246 1359 57480 51106
2405 18054 367 18285 1358 57788 50909
2406 18108 367 18290 1361 57917 50942
2407 18221 373 18381 1368 57887 51560
2408 18199 369 18458 1376 58167 51503
2409 18381 371 18535 1373 58538 51959
2410 18413 373 18543 1387 58651 51847
2411 18364 370 18527 1370 58541 51762
2412 18422 376 18569 1371 58448 52277
2413 18358 370 18537 1378 58682 51848
2414 18415 372 18565 1387 58949 51592
2415 18345 370 18563 1372 58755 51482
2416 18418 372 18543 1376 58725 51814
2417 18518 378 18707 1394 59194 52076
2418 18813 379 18931 1388 59630 53169
2419 18690 383 18866 1386 59439 52972
2420 18220 368 18400 1368 57862 51753
2421 18168 363 18388 1357 57960 51034
2422 18739 377 18879 1396 59277 53084
2423 19014 387 19208 1438 60123 53799
2424 18665 378 18925 1393 59114 53179
2425 18641 376 18828 1395 59077 52856
2426 18280 365 18443 1369 58039 51701
2427 18453 370 18611 1377 58290 52836
2428 18055 364 18215 1345 57393 50977
2429 18222 366 18397 1363 58132 51456
2430 18151 364 18323 1353 57467 51807
2431 18641 374 18717 1385 58906 52798
2432 19163 384 19480 1429 60687 55100
2433 19253 382 19405 1426 61577 54085
2434 18953 382 19188 1410 60456 53512
2435 19433 387 19634 1426 61368 55327
2436 18918 383 19112 1408 60501 53126
2437 19011 384 19213 1418 60602 53837
2438 19009 384 19185 1403 60368 53997
2439 18944 383 19093 1406 59986 54003
2440 18997 375 19162 1420 60426 53470
2441 19269 388 19434 1428 61372 53685
2442 19178 386 19428 1424 60654 54737
2443 18909 380 19076 1406 59964 53821
2444 18804 382 19087 1398 60193 53090
2445 18960 374 19078 1407 60716 53108
2446 18890 378 19052 1393 60262 53669
2447 18891 373 18997 1408 59604 53569
2448 18975 378 19152 1407 60094 54164
2449 19039 376 19181 1402 60204 54038
2450 19015 374 19199 1428 60204 53906
2451 18947 378 19127 1419 60538 53012
2452 18973 380 19188 1412 60528 53588
2453 18877 376 19139 1402 60453 53119
2454 19039 383 19255 1412 60934 53399
2455 19151 382 19326 1409 60870 54090
2456 18999 379 19197 1416 60044 54731
2457 19166 383 19357 1420 61059 53953
2458 19037 383 19274 1421 60945 53218
2459 19016 382 19194 1396 60932 53214
2460 19418 387 19599 1437 61047 55568
2461 19643 387 19860 1454 62200 55857
2462 19638 389 19804 1455 62083 55552
2463 19537 396 19712 1442 62322 54785
2464 19566 388 19794 1449 62429 54944
2465 19567 391 19781 1449 62458 54880
2466 19519 387 19760 1450 62532 55076
2467 19366 384 19538 1418 61721 54415
2468 19613 394 19767 1451 62337 54858
2469 19672 390 19912 1461 62612 55180
2470 19689 384 19916 1452 62788 55252
2471 19740 399 19988 1467 62966 55417
2472 19685 392 19898 1441 63174 55528
2473 19691 393 19939 1445 62606 55424
2474 19747 388 19947 1456 62737 55475
2475 19694 391 20035 1457 62737 55233
2476 19773 389 19981 1465 62948 55447
2477 19775 390 19978 1451 63180 55106
2478 19320 381 19545 1427 61220 55144
2479 19423 381 19609 1437 61706 54946
2480 19871 390 19939 1465 62940 55455
2481 19894 389 20140 1474 63082 55853
2482 18874 368 19080 1393 59979 52975
2483 18852 368 19027 1389 59891 52754
2484 19013 372 19190 1397 60519 53356
2485 18876 371 19119 1387 60076 53007
2486 19035 375 19247 1394 60638 53397
2487 18182 356 18290 1329 57663 51007
2488 18042 355 18223 1332 57431 50711
2489 18035 354 18208 1322 57410 50743
2490 18094 360 18281 1332 57597 50854
2491 18031 352 18180 1322 57259 50567
2492 18041 353 18221 1325 57533 50689
2493 18120 360 18327 1336 57655 50937
2494 18151 356 18322 1332 57726 50866
2495 18080 353 18258 1323 57603 50856
2496 18195 355 18354 1337 57808 51022
2497 18128 355 18365 1333 57625 51120
2498 18615 363 18802 1358 59106 52361
2499 18912 370 19134 1385 60161 53059
2500 18961 369 19130 1381 60071 53277
2501 18748 370 18943 1372 59482 52992
2502 20614 401 20676 1496 64685 57827
2503 22010 419 22151 1605 67803 61431
2504 21893 420 21836 1580 67319 60516
2505 21421 414 21774 1569 66843 59371
2506 20784 407 21065 1511 65444 58376
2507 21423 411 21675 1555 66445 59076
2508 21457 410 21767 1573 66771 59401
2509 22799 434 23147 1634 69917 62778
2510 22969 431 23021 1651 70415 62976
2511 22847 428 23067 1647 69984 62808
2512 22711 429 22716 1628 69729 62222
2513 22913 433 23215 1667 70267 63456
2514 22728 431 22921 1661 70075 62807
2515 22630 425 22889 1646 69950 62524
2516 22838 428 23056 1649 69948 62299
2517 22828 427 22921 1618 69574 62300
2518 22716 429 22767 1656 69310 62083
2519 22784 425 22946 1648 69980 62554
2520 22256 421 22489 1616 68875 61315
2521 21170 407 21394 1538 66668 58959
2522 22387 423 22550 1610 69163 61764
2523 23107 432 23206 1651 70678 63566
2524 22897 426 23106 1646 70661 63585
2525 22814 428 23003 1641 70379 63263
2526 22616 422 22826 1629 69865 62594
2527 22811 429 22860 1638 70402 63003
2528 22809 422 22917 1633 70278 62562
2529 22569 427 22626 1621 69676 62193
2530 22637 426 22911 1633 70167 62664
2531 22607 424 23049 1649 70124 62730
2532 22468 423 22536 1623 69433 61909
2533 22459 423 22857 1625 69892 62297
2534 22425 423 22592 1628 69146 61508
2535 21409 414 21726 1547 67421 59398
2536 22609 422 22755 1605 69885 62406
2537 23936 436 24044 1712 72584 65711
2538 23425 432 23656 1706 71918 64491
2539 23135 433 23233 1647 71104 63731
2540 23062 430 23402 1654 70833 63526
2541 23427 435 23458 1684 71662 64189
2542 23406 429 23619 1670 71665 64265
2543 23526 441 23867 1674 71993 64828
2544 23463 427 23513 1685 71558 64228
2545 23141 427 23295 1652 71065 63832
2546 21516 405 21533 1554 66724 59176
2547 18740 358 18922 1365 59619 52573
2548 18750 359 18932 1360 59642 52544
2549 18846 363 19017 1363 59826 52757
2550 18779 361 19005 1365 59824 52710
2551 19203 370 19383 1385 60984 53730
2552 19340 369 19517 1393 61359 54022
2553 18796 359 18943 1364 59701 52650
2554 18829 364 18997 1369 59775 52682
2555 19198 368 19428 1385 60940 53957
2556 18848 361 19064 1366 59881 52948
2557 20557 390 20727 1487 64931 57302
2558 20567 395 20825 1478 65170 57501
2559 20360 392 20612 1476 64497 56834
2560 19912 381 20099 1434 63167 55714
2561 20276 391 20452 1470 64380 56433
2562 20974 403 21136 1515 66241 58232
2563 20947 397 21137 1510 66262 58371
2564 20977 401 21165 1507 66453 58467
2565 21023 407 21221 1494 66501 58507
2566 21069 400 21204 1510 66515 58605
2567 20774 401 21047 1498 65978 57918
2568 20665 396 20857 1478 65529 57663
2569 20667 398 20952 1487 65643 57823
2570 20670 397 20906 1480 65761 57656
2571 20713 394 20893 1494 65600 57779
2572 20775 399 20930 1488 65668 57779
2573 20777 393 20952 1496 65835 57738
2574 20877 399 21106 1490 66155 58469
2575 20904 402 21118 1498 66330 58448
2576 20902 394 21094 1511 66223 58070
2577 20832 395 21028 1486 65876 57925
2578 20814 397 21039 1490 65955 58185
2579 20806 396 21040 1494 65867 58103
2580 20842 393 20963 1491 66039 58082