nDisque jeu1_TTP jeu1Bal jeu2_TTP jeu2Bal jeu3_TTP jeu3Bal
1 0 0 0 0 0 0
2 1 1 0 0 0 0
3 2 2 0 0 1 1
4 4 4 1 1 2 2
5 6 6 3 3 5 5
6 7 7 4 4 8 8
7 8 8 5 5 11 11
8 9 9 7 7 15 15
9 11 11 8 8 20 20
10 11 11 10 10 26 26
11 12 12 12 12 32 32
12 13 13 13 13 39 39
13 14 14 15 15 46 46
14 15 15 17 17 55 55
15 15 15 19 19 63 63
16 16 16 21 21 72 72
17 17 17 22 22 82 82
18 17 17 24 24 93 93
19 18 18 26 26 105 105
20 18 18 28 28 117 117
21 19 19 30 30 128 128
22 19 19 32 32 143 143
23 20 20 34 34 156 156
24 20 20 35 35 171 171
25 21 21 38 38 187 187
26 21 21 39 39 202 202
27 21 21 42 42 217 217
28 22 22 43 43 235 235
29 22 22 46 46 252 252
30 23 23 47 47 272 272
31 23 23 50 50 290 290
32 23 23 52 52 310 310
33 24 24 53 53 331 331
34 24 24 55 55 353 353
35 24 24 57 57 371 371
36 25 25 60 60 396 396
37 25 25 63 63 418 418
38 26 26 64 64 445 445
39 26 26 66 66 468 468
40 26 26 69 69 493 493
41 26 26 70 70 515 515
42 26 26 72 72 544 544
43 27 27 74 74 573 573
44 27 27 77 77 599 599
45 27 27 78 78 623 623
46 28 28 80 80 654 654
47 28 28 85 85 681 681
48 28 28 86 86 713 713
49 29 29 87 87 743 743
50 28 28 90 90 776 776
51 29 29 92 92 807 807
52 29 29 94 94 840 840
53 29 29 96 96 871 871
54 30 30 98 98 908 908
55 30 30 101 101 943 943
56 30 30 102 102 981 981
57 31 31 104 104 1016 1016
58 30 30 107 107 1047 1047
59 30 30 108 108 1085 1085
60 31 31 112 112 1126 1126
61 31 31 114 114 1159 1159
62 31 31 115 115 1206 1206
63 31 31 118 118 1241 1241
64 31 31 118 118 1283 1283
65 32 32 122 122 1323 1323
66 32 32 126 126 1360 1360
67 32 32 126 126 1404 1404
68 32 32 130 130 1449 1449
69 32 32 131 131 1497 1497
70 33 33 135 135 1542 1542
71 33 33 135 135 1578 1578
72 33 33 140 140 1630 1630
73 33 33 140 140 1678 1678
74 33 33 142 142 1716 1716
75 33 33 145 145 1766 1766
76 34 34 147 147 1819 1819
77 33 33 147 147 1876 1876
78 34 34 151 151 1919 1919
79 34 34 156 156 1971 1971
80 34 34 156 156 2024 2024
81 34 34 158 158 2072 2072
82 34 34 159 159 2122 2122
83 34 34 162 162 2173 2173
84 35 35 163 163 2230 2230
85 35 35 166 166 2285 2285
86 35 35 168 168 2334 2334
87 35 35 171 171 2389 2389
88 35 35 173 173 2457 2457
89 35 35 176 176 2504 2504
90 36 36 180 180 2566 2566
91 36 36 179 179 2603 2603
92 36 36 183 183 2673 2673
93 36 36 186 186 2737 2737
94 36 36 187 187 2810 2810
95 36 36 191 191 2857 2857
96 37 37 192 192 2915 2915
97 36 36 194 194 2987 2987
98 36 36 197 197 3037 3037
99 37 37 199 199 3101 3101
100 37 37 202 202 3163 3163
101 37 37 202 202 3234 3234
102 37 37 206 206 3291 3291
103 37 37 208 208 3371 3371
104 37 37 211 211 3440 3440
105 37 37 212 212 3493 3493
106 37 37 213 213 3570 3570
107 38 38 216 216 3629 3629
108 38 38 221 221 3693 3693
109 38 38 222 222 3778 3778
110 38 38 225 225 3850 3850
111 38 38 227 227 3921 3921
112 38 38 230 230 3979 3979
113 38 38 229 229 4059 4059
114 39 39 234 234 4123 4123
115 38 38 235 235 4199 4199
116 39 39 238 238 4281 4281
117 39 39 240 240 4351 4351
118 39 39 242 242 4440 4440
119 38 38 245 245 4486 4486
120 39 39 245 245 4560 4560
121 39 39 249 249 4644 4644
122 39 39 251 251 4716 4716
123 39 39 254 254 4798 4798
124 39 39 256 256 4890 4890
125 39 39 260 260 4972 4972
126 39 39 260 260 5036 5036
127 40 40 261 261 5130 5130
128 40 40 264 264 5225 5225
129 40 40 269 269 5309 5309
130 40 40 270 270 5383 5383
131 40 40 271 271 5457 5457
132 40 40 276 276 5549 5549
133 40 40 277 277 5609 5609
134 40 40 280 280 5725 5725
135 40 40 281 281 5812 5812
136 40 40 284 284 5894 5894
137 41 41 285 285 5972 5972
138 40 40 290 290 6065 6065
139 41 41 292 292 6168 6168
140 41 41 292 292 6227 6227
141 41 41 298 298 6325 6325
142 41 41 299 299 6427 6427
143 41 41 299 299 6525 6525
144 41 41 303 303 6631 6631
145 41 41 304 304 6694 6694
146 41 41 307 307 6786 6786
147 41 41 310 310 6896 6896
148 41 41 311 311 6984 6984
149 41 41 313 313 7075 7075
150 41 41 316 316 7164 7164
151 42 42 319 319 7276 7276
152 42 42 321 321 7375 7375
153 42 42 323 323 7455 7455
154 42 42 324 324 7558 7558
155 42 42 327 327 7637 7637
156 42 42 329 329 7756 7756
157 42 42 332 332 7865 7865
158 42 42 332 332 7952 7952
159 42 42 338 338 8071 8071
160 43 43 337 337 8161 8161
161 43 43 340 340 8262 8262
162 43 43 346 346 8379 8379
163 42 42 345 345 8451 8451
164 43 43 348 348 8559 8559
165 43 43 351 351 8660 8660
166 43 43 356 356 8785 8785
167 43 43 356 356 8888 8888
168 43 43 358 358 9015 9015
169 43 43 360 360 9125 9125
170 43 43 365 365 9200 9200
171 44 44 365 365 9334 9334
172 43 43 368 368 9451 9451
173 43 43 372 372 9535 9535
174 43 43 371 371 9663 9663
175 44 44 375 375 9780 9780
176 44 44 378 378 9915 9915
177 44 44 381 381 10013 10013
178 44 44 383 383 10108 10108
179 44 44 384 384 10253 10253
180 44 44 387 387 10350 10350
181 44 44 390 390 10467 10467
182 44 44 392 392 10577 10577
183 44 44 397 397 10690 10690
184 45 45 396 396 10821 10821
185 44 44 401 401 10922 10922
186 44 44 400 400 11062 11062
187 45 45 404 404 11199 11199
188 44 44 407 407 11317 11317
189 45 45 408 408 11424 11424
190 45 45 410 410 11549 11549
191 44 44 412 412 11649 11649
192 45 45 415 415 11776 11776
193 45 45 416 416 11926 11926
194 45 45 421 421 12061 12061
195 45 45 425 425 12160 12160
196 45 45 428 428 12287 12287
197 45 45 427 427 12399 12399
198 45 45 428 428 12538 12538
199 45 45 430 430 12661 12661
200 45 45 434 434 12747 12747
201 45 45 439 439 12923 12923
202 45 45 440 440 13057 13057
203 46 46 440 440 13211 13211
204 45 45 446 446 13330 13330
205 46 46 448 448 13396 13396
206 46 46 449 449 13598 13598
207 46 46 452 452 13726 13726
208 46 46 455 455 13817 13817
209 46 46 453 453 13983 13983
210 46 46 458 458 14113 14113
211 46 46 458 458 14244 14244
212 46 46 460 460 14390 14390
213 46 46 465 465 14499 14499
214 47 47 467 467 14675 14675
215 46 46 472 472 14760 14760
216 46 46 472 472 14921 14921
217 46 46 475 475 15047 15047
218 46 46 477 477 15250 15250
219 46 46 476 476 15370 15370
220 47 47 479 479 15509 15509
221 46 46 483 483 15640 15640
222 47 47 481 481 15770 15770
223 46 46 488 488 15859 15859
224 47 47 490 490 16067 16067
225 47 47 495 495 16182 16182
226 47 47 497 497 16356 16356
227 47 47 498 498 16502 16502
228 47 47 500 500 16668 16668
229 47 47 503 503 16816 16816
230 47 47 506 506 16953 16953
231 47 47 509 509 17082 17082
232 47 47 510 510 17216 17216
233 47 47 515 515 17404 17404
234 47 47 518 518 17562 17562
235 47 47 518 518 17657 17657
236 47 47 520 520 17868 17868
237 48 48 522 522 17979 17979
238 47 47 524 524 18209 18209
239 47 47 526 526 18245 18245
240 48 48 530 530 18465 18465
241 47 47 534 534 18600 18600
242 48 48 536 536 18791 18791
243 47 47 536 536 18913 18913
244 47 47 539 539 19065 19065
245 48 48 540 540 19264 19264
246 47 47 542 542 19412 19412
247 47 47 548 548 19544 19544
248 48 48 551 551 19706 19706
249 48 48 549 549 19931 19931
250 48 48 555 555 20035 20035
251 48 48 556 556 20203 20203
252 48 48 556 556 20359 20359
253 48 48 558 558 20530 20530
254 48 48 561 561 20671 20671
255 48 48 567 567 20879 20879
256 49 49 564 564 21019 21019
257 49 49 573 573 21194 21194
258 48 48 571 571 21325 21325
259 48 48 573 573 21448 21448
260 49 49 575 575 21710 21710
261 49 49 579 579 21864 21864
262 48 48 582 582 21988 21988
263 49 49 581 581 22178 22178
264 48 48 586 586 22364 22364
265 49 49 590 590 22504 22504
266 49 49 595 595 22688 22688
267 49 49 594 594 22867 22867
268 49 49 598 598 23037 23037
269 49 49 598 598 23216 23216
270 49 49 601 601 23413 23413
271 49 49 605 605 23523 23523
272 49 49 607 607 23741 23741
273 49 49 608 608 23890 23890
274 49 49 610 610 24038 24038
275 49 49 611 611 24271 24271
276 49 49 614 614 24410 24410
277 49 49 623 623 24591 24591
278 50 50 623 623 24780 24780
279 50 50 624 624 24927 24927
280 49 49 629 629 25124 25124
281 50 50 625 625 25369 25369
282 50 50 630 630 25568 25568
283 50 50 631 631 25670 25670
284 50 50 638 638 25864 25864
285 50 50 634 634 26035 26035
286 49 49 643 643 26225 26225
287 50 50 644 644 26434 26434
288 49 49 648 648 26569 26569
289 50 50 646 646 26835 26835
290 50 50 650 650 26998 26998
291 50 50 653 653 27193 27193
292 50 50 656 656 27363 27363
293 50 50 653 653 27524 27524
294 50 50 667 667 27687 27687
295 50 50 659 659 27870 27870
296 51 51 661 661 28107 28107
297 50 50 668 668 28300 28300
298 50 50 668 668 28575 28575
299 50 50 671 671 28675 28675
300 51 51 674 674 28903 28903
301 50 50 676 676 29080 29080
302 50 50 677 677 29246 29246
303 51 51 682 682 29432 29432
304 50 50 683 683 29626 29626
305 50 50 683 683 29866 29866
306 51 51 687 687 30065 30065
307 51 51 695 695 30206 30206
308 50 50 690 690 30422 30422
309 50 50 694 694 30667 30667
310 51 51 694 694 30845 30845
311 51 51 701 701 31065 31065
312 51 51 702 702 31249 31249
313 51 51 702 702 31495 31495
314 51 51 707 707 31648 31648
315 51 51 709 709 31833 31833
316 51 51 716 716 32068 32068
317 51 51 712 712 32242 32242
318 50 50 720 720 32481 32481
319 51 51 717 717 32635 32635
320 51 51 727 727 32915 32915
321 51 51 725 725 33072 33072
322 51 51 727 727 33329 33329
323 51 51 728 728 33524 33524
324 51 51 733 733 33654 33654
325 51 51 734 734 33819 33819
326 51 51 735 735 34190 34190
327 51 51 737 737 34344 34344
328 52 52 744 744 34486 34486
329 51 51 743 743 34721 34721
330 51 51 748 748 35011 35011
331 51 51 751 751 35175 35175
332 51 51 754 754 35430 35430
333 51 51 753 753 35593 35593
334 52 52 754 754 35766 35766
335 51 51 756 756 36062 36062
336 51 51 759 759 36259 36259
337 52 52 765 765 36470 36470
338 51 51 766 766 36631 36631
339 52 52 766 766 36864 36864
340 52 52 768 768 37122 37122
341 52 52 774 774 37320 37320
342 51 51 776 776 37570 37570
343 52 52 779 779 37698 37698
344 52 52 784 784 37992 37992
345 52 52 785 785 38225 38225
346 52 52 788 788 38375 38375
347 52 52 786 786 38664 38664
348 52 52 791 791 38878 38878
349 52 52 789 789 39159 39159
350 52 52 799 799 39358 39358
351 52 52 796 796 39540 39540
352 53 53 803 803 39888 39888
353 53 53 800 800 40081 40081
354 52 52 802 802 40273 40273
355 52 52 810 810 40485 40485
356 52 52 808 808 40741 40741
357 52 52 812 812 40885 40885
358 53 53 814 814 41159 41159
359 52 52 813 813 41280 41280
360 52 52 819 819 41628 41628
361 52 52 819 819 41850 41850
362 52 52 824 824 42070 42070
363 53 53 825 825 42330 42330
364 52 52 832 832 42558 42558
365 53 53 830 830 42782 42782
366 53 53 833 833 43002 43002
367 52 52 836 836 43289 43289
368 52 52 842 842 43570 43570
369 53 53 841 841 43687 43687
370 53 53 841 841 43939 43939
371 52 52 849 849 44306 44306
372 53 53 849 849 44506 44506
373 53 53 853 853 44829 44829
374 52 52 852 852 44948 44948
375 53 53 858 858 45242 45242
376 52 52 857 857 45406 45406
377 53 53 865 865 45634 45634
378 53 53 860 860 45894 45894
379 53 53 864 864 46153 46153
380 53 53 868 868 46366 46366
381 53 53 870 870 46677 46677
382 53 53 874 874 46956 46956
383 53 53 873 873 47058 47058
384 53 53 877 877 47371 47371
385 53 53 879 879 47609 47609
386 53 53 882 882 47887 47887
387 53 53 885 885 48102 48102
388 53 53 889 889 48359 48359
389 53 53 889 889 48599 48599
390 53 53 887 887 48839 48839
391 54 54 892 892 49098 49098
392 54 54 892 892 49355 49355
393 53 53 902 902 49587 49587
394 54 54 897 897 49865 49865
395 54 54 900 900 50175 50175
396 54 54 905 905 50369 50369
397 54 54 910 910 50666 50666
398 54 54 914 914 50908 50908
399 54 54 912 912 51148 51148
400 54 54 917 917 51437 51437
401 54 54 916 916 51643 51643
402 54 54 919 919 51957 51957
403 54 54 922 922 52183 52183
404 54 54 924 924 52465 52465
405 54 54 927 927 52727 52727
406 54 54 927 927 52900 52900
407 54 54 931 931 53326 53326
408 54 54 938 938 53483 53483
409 54 54 937 937 53756 53756
410 54 54 938 938 53966 53966
411 54 54 944 944 54293 54293
412 54 54 940 940 54563 54563
413 54 54 948 948 54764 54764
414 54 54 951 951 55145 55145
415 54 54 950 950 55358 55358
416 54 54 955 955 55679 55679
417 55 55 960 960 55916 55916
418 54 54 957 957 56251 56251
419 54 54 963 963 56536 56536
420 54 54 962 962 56641 56641
421 54 54 968 968 57044 57044
422 54 54 975 975 57281 57281
423 55 55 965 965 57592 57592
424 54 54 975 975 57765 57765
425 54 54 976 976 58073 58073
426 55 55 978 978 58363 58363
427 54 54 985 985 58586 58586
428 55 55 979 979 58964 58964
429 55 55 989 989 59175 59175
430 54 54 988 988 59365 59365
431 55 55 988 988 59668 59668
432 55 55 999 999 60059 60059
433 55 55 995 995 60292 60292
434 55 55 1000 1000 60519 60519
435 55 55 998 998 60797 60797
436 55 55 999 999 61076 61076
437 55 55 1010 1010 61352 61352
438 55 55 1002 1002 61663 61663
439 55 55 1014 1014 61911 61911
440 55 55 1017 1017 62166 62166
441 55 55 1015 1015 62554 62554
442 55 55 1021 1021 62951 62951
443 55 55 1018 1018 63030 63030
444 55 55 1024 1024 63331 63331
445 56 56 1024 1024 63681 63681
446 55 55 1032 1032 64007 64007
447 55 55 1027 1027 64254 64254
448 55 55 1036 1036 64521 64521
449 55 55 1034 1034 64783 64783
450 55 55 1034 1034 65163 65163
451 55 55 1043 1043 65313 65313
452 55 55 1041 1041 65720 65720
453 55 55 1041 1041 66107 66107
454 56 56 1042 1042 66348 66348
455 56 56 1051 1051 66565 66565
456 56 56 1049 1049 66838 66838
457 55 55 1056 1056 67126 67126
458 55 55 1056 1056 67380 67380
459 55 55 1060 1060 67651 67651
460 56 56 1062 1062 67914 67914
461 56 56 1068 1068 68471 68471
462 56 56 1068 1068 68628 68628
463 56 56 1068 1068 68910 68910
464 56 56 1074 1074 69166 69166
465 55 55 1075 1075 69475 69475
466 56 56 1076 1076 69970 69970
467 56 56 1075 1075 70130 70130
468 56 56 1085 1085 70477 70477
469 56 56 1083 1083 70779 70779
470 56 56 1093 1093 70993 70993
471 56 56 1091 1091 71445 71445
472 56 56 1092 1092 71700 71700
473 56 56 1096 1096 71984 71984
474 56 56 1094 1094 72257 72257
475 56 56 1094 1094 72596 72596
476 56 56 1099 1099 72844 72844
477 56 56 1100 1100 73260 73260
478 56 56 1112 1112 73535 73535
479 56 56 1110 1110 73783 73783
480 56 56 1112 1112 74183 74183
481 56 56 1114 1114 74431 74431
482 57 57 1116 1116 74748 74748
483 56 56 1121 1121 75079 75079
484 56 56 1123 1123 75457 75457
485 57 57 1128 1128 75740 75740
486 56 56 1126 1126 76083 76083
487 56 56 1125 1125 76288 76288
488 56 56 1131 1131 76571 76571
489 57 57 1132 1132 76879 76879
490 56 56 1142 1142 77275 77275
491 57 57 1138 1138 77582 77582
492 56 56 1139 1139 77829 77829
493 56 56 1144 1144 78150 78150
494 56 56 1147 1147 78551 78551
495 56 56 1151 1151 78838 78838
496 57 57 1151 1151 79170 79170
497 57 57 1155 1155 79539 79539
498 57 57 1160 1160 79689 79689
499 56 56 1164 1164 80040 80040
500 56 56 1160 1160 80373 80373
501 57 57 1163 1163 80706 80706
502 57 57 1164 1164 81172 81172
503 56 56 1170 1170 81364 81364
504 57 57 1167 1167 81663 81663
505 57 57 1175 1175 81944 81944
506 57 57 1179 1179 82453 82453
507 56 56 1182 1182 82693 82693
508 57 57 1183 1183 83000 83000
509 57 57 1186 1186 83358 83358
510 57 57 1181 1181 83752 83752
511 57 57 1191 1191 83938 83938
512 57 57 1191 1191 84446 84446
513 56 56 1191 1191 84539 84539
514 57 57 1197 1197 85037 85037
515 57 57 1199 1199 85421 85421
516 57 57 1201 1201 85711 85711
517 57 57 1207 1207 86035 86035
518 57 57 1207 1207 86316 86316
519 57 57 1214 1214 86820 86820
520 58 58 1207 1207 86896 86896
521 57 57 1210 1210 87369 87369
522 57 57 1215 1215 87665 87665
523 57 57 1216 1216 87984 87984
524 56 56 1221 1221 88369 88369
525 57 57 1217 1217 88635 88635
526 57 57 1221 1221 89095 89095
527 57 57 1233 1233 89256 89256
528 58 58 1235 1235 89611 89611
529 57 57 1228 1228 89981 89981
530 57 57 1236 1236 90470 90470
531 58 58 1233 1233 90659 90659
532 57 57 1244 1244 91111 91111
533 57 57 1238 1238 91449 91449
534 57 57 1244 1244 91761 91761
535 57 57 1247 1247 91999 91999
536 57 57 1251 1251 92326 92326
537 57 57 1248 1248 92869 92869
538 57 57 1253 1253 93115 93115
539 58 58 1250 1250 93514 93514
540 58 58 1259 1259 93743 93743
541 58 58 1260 1260 94159 94159
542 58 58 1262 1262 94389 94389
543 57 57 1267 1267 94831 94831
544 58 58 1269 1269 95314 95314
545 58 58 1273 1273 95444 95444
546 57 57 1273 1273 95803 95803
547 58 58 1275 1275 96216 96216
548 57 57 1282 1282 96687 96687
549 58 58 1281 1281 96837 96837
550 58 58 1276 1276 97303 97303
551 58 58 1292 1292 97884 97884
552 57 57 1292 1292 98129 98129
553 58 58 1293 1293 98223 98223
554 57 57 1291 1291 98701 98701
555 58 58 1297 1297 99104 99104
556 58 58 1297 1297 99499 99499
557 58 58 1298 1298 99847 99847
558 58 58 1303 1303 100206 100206
559 58 58 1306 1306 100596 100596
560 58 58 1305 1305 100903 100903
561 58 58 1314 1314 101283 101283
562 58 58 1313 1313 101662 101662
563 58 58 1316 1316 101967 101967
564 58 58 1324 1324 102511 102511
565 58 58 1320 1320 102589 102589
566 58 58 1329 1329 102941 102941
567 58 58 1323 1323 103413 103413
568 58 58 1324 1324 103814 103814
569 58 58 1330 1330 104255 104255
570 58 58 1335 1335 104648 104648
571 58 58 1338 1338 104973 104973
572 58 58 1334 1334 105191 105191
573 58 58 1333 1333 105753 105753
574 59 59 1343 1343 106038 106038
575 58 58 1344 1344 106563 106563
576 59 59 1348 1348 106721 106721
577 58 58 1346 1346 107036 107036
578 59 59 1349 1349 107523 107523
579 58 58 1359 1359 107958 107958
580 58 58 1354 1354 108184 108184
581 58 58 1353 1353 108726 108726
582 59 59 1362 1362 108993 108993
583 58 58 1370 1370 109478 109478
584 59 59 1366 1366 109719 109719
585 59 59 1369 1369 110078 110078
586 58 58 1372 1372 110482 110482
587 58 58 1376 1376 110802 110802
588 59 59 1380 1380 111372 111372
589 59 59 1382 1382 111683 111683
590 58 58 1390 1390 112242 112242
591 58 58 1387 1387 112486 112486
592 59 59 1393 1393 112749 112749
593 59 59 1390 1390 112990 112990
594 59 59 1393 1393 113635 113635
595 59 59 1397 1397 113978 113978
596 59 59 1396 1396 114368 114368
597 59 59 1404 1404 114634 114634
598 59 59 1408 1408 115158 115158
599 59 59 1396 1396 115415 115415
600 59 59 1404 1404 115879 115879
601 59 59 1409 1409 116284 116284
602 59 59 1413 1413 116588 116588
603 59 59 1412 1412 116984 116984
604 59 59 1413 1413 117497 117497
605 59 59 1420 1420 117849 117849
606 60 60 1425 1425 118316 118316
607 59 59 1421 1421 118612 118612
608 59 59 1426 1426 119037 119037
609 59 59 1426 1426 119562 119562
610 59 59 1433 1433 119837 119837
611 59 59 1434 1434 120204 120204
612 59 59 1437 1437 120601 120601
613 59 59 1439 1439 120898 120898
614 59 59 1443 1443 121530 121530
615 60 60 1443 1443 121965 121965
616 60 60 1442 1442 122052 122052
617 59 59 1450 1450 122698 122698
618 59 59 1448 1448 123011 123011
619 59 59 1456 1456 123461 123461
620 59 59 1453 1453 123558 123558
621 59 59 1459 1459 124148 124148
622 59 59 1461 1461 124401 124401
623 60 60 1463 1463 124930 124930
624 59 59 1466 1466 125367 125367
625 59 59 1466 1466 125841 125841
626 59 59 1469 1469 126158 126158
627 60 60 1470 1470 126620 126620
628 60 60 1478 1478 126873 126873
629 59 59 1482 1482 127453 127453
630 59 59 1481 1481 127799 127799
631 59 59 1483 1483 128314 128314
632 60 60 1489 1489 128597 128597
633 60 60 1492 1492 128899 128899
634 60 60 1484 1484 129399 129399
635 59 59 1497 1497 129911 129911
636 59 59 1492 1492 130319 130319
637 60 60 1499 1499 130686 130686
638 60 60 1496 1496 130954 130954
639 60 60 1510 1510 131281 131281
640 60 60 1508 1508 131934 131934
641 60 60 1511 1511 132134 132134
642 59 59 1516 1516 132784 132784
643 59 59 1513 1513 133175 133175
644 60 60 1516 1516 133576 133576
645 60 60 1520 1520 134123 134123
646 60 60 1526 1526 134343 134343
647 60 60 1529 1529 134747 134747
648 60 60 1522 1522 135145 135145
649 60 60 1532 1532 135723 135723
650 60 60 1528 1528 135902 135902
651 60 60 1534 1534 136266 136266
652 60 60 1534 1534 136896 136896
653 59 59 1535 1535 137248 137248
654 60 60 1542 1542 137695 137695
655 60 60 1541 1541 138162 138162
656 59 59 1542 1542 138571 138571
657 60 60 1545 1545 139066 139066
658 60 60 1554 1554 139454 139454
659 60 60 1552 1552 139847 139847
660 60 60 1551 1551 140155 140155
661 60 60 1554 1554 140714 140714
662 60 60 1561 1561 141178 141178
663 60 60 1568 1568 141514 141514
664 60 60 1571 1571 141977 141977
665 60 60 1564 1564 142477 142477
666 60 60 1571 1571 142782 142782
667 60 60 1570 1570 143294 143294
668 60 60 1579 1579 143640 143640
669 60 60 1574 1574 144247 144247
670 61 61 1585 1585 144651 144651
671 60 60 1591 1591 144956 144956
672 60 60 1589 1589 145523 145523
673 61 61 1590 1590 145908 145908
674 60 60 1593 1593 146157 146157
675 60 60 1593 1593 146473 146473
676 60 60 1591 1591 147313 147313
677 60 60 1595 1595 147489 147489
678 60 60 1606 1606 148198 148198
679 61 61 1604 1604 148367 148367
680 60 60 1603 1603 148977 148977
681 60 60 1615 1615 149479 149479
682 60 60 1617 1617 149886 149886
683 61 61 1610 1610 150151 150151
684 61 61 1618 1618 150535 150535
685 60 60 1617 1617 151149 151149
686 60 60 1618 1618 151567 151567
687 61 61 1625 1625 152017 152017
688 60 60 1624 1624 152606 152606
689 61 61 1628 1628 152923 152923
690 60 60 1628 1628 153319 153319
691 60 60 1627 1627 153800 153800
692 61 61 1627 1627 154193 154193
693 60 60 1633 1633 154741 154741
694 61 61 1641 1641 155064 155064
695 61 61 1639 1639 155604 155604
696 60 60 1648 1648 155909 155909
697 61 61 1644 1644 156364 156364
698 61 61 1651 1651 157179 157179
699 60 60 1648 1648 157072 157072
700 61 61 1655 1655 157651 157651
701 61 61 1652 1652 158244 158244
702 60 60 1663 1663 158749 158749
703 61 61 1664 1664 159112 159112
704 61 61 1666 1666 159536 159536
705 61 61 1662 1662 160092 160092
706 61 61 1673 1673 160443 160443
707 61 61 1680 1680 160882 160882
708 61 61 1676 1676 161330 161330
709 61 61 1669 1669 161882 161882
710 61 61 1675 1675 162190 162190
711 61 61 1683 1683 162704 162704
712 61 61 1685 1685 162973 162973
713 62 62 1685 1685 163519 163519
714 61 61 1689 1689 164098 164098
715 60 60 1691 1691 164559 164559
716 61 61 1691 1691 165081 165081
717 61 61 1699 1699 165638 165638
718 61 61 1701 1701 165935 165935
719 61 61 1709 1709 166657 166657
720 61 61 1704 1704 166929 166929
721 61 61 1708 1708 167452 167452
722 61 61 1713 1713 167828 167828
723 61 61 1707 1707 168240 168240
724 61 61 1708 1708 168907 168907
725 61 61 1714 1714 169323 169323
726 61 61 1722 1722 169625 169625
727 61 61 1719 1719 170418 170418
728 61 61 1720 1720 170508 170508
729 62 62 1726 1726 170901 170901
730 62 62 1732 1732 171608 171608
731 61 61 1728 1728 172092 172092
732 61 61 1733 1733 172596 172596
733 61 61 1732 1732 173111 173111
734 62 62 1742 1742 173521 173521
735 62 62 1743 1743 173918 173918
736 61 61 1733 1733 174481 174481
737 61 61 1745 1745 175087 175087
738 62 62 1748 1748 175374 175374
739 61 61 1755 1755 176139 176139
740 62 62 1757 1757 176231 176231
741 61 61 1749 1749 176761 176761
742 61 61 1759 1759 177319 177319
743 62 62 1757 1757 177938 177938
744 62 62 1768 1768 178511 178511
745 62 62 1761 1761 178745 178745
746 62 62 1773 1773 179340 179340
747 61 61 1766 1766 179413 179413
748 62 62 1774 1774 180273 180273
749 61 61 1777 1777 180776 180776
750 61 61 1776 1776 180957 180957
751 62 62 1787 1787 181421 181421
752 62 62 1790 1790 182355 182355
753 62 62 1785 1785 182752 182752
754 62 62 1792 1792 183252 183252
755 62 62 1789 1789 183514 183514
756 62 62 1795 1795 183925 183925
757 62 62 1795 1795 184581 184581
758 61 61 1796 1796 184995 184995
759 62 62 1796 1796 185565 185565
760 62 62 1805 1805 186057 186057
761 62 62 1809 1809 186380 186380
762 62 62 1808 1808 186849 186849
763 62 62 1806 1806 187486 187486
764 62 62 1811 1811 188123 188123
765 62 62 1816 1816 188654 188654
766 62 62 1819 1819 188870 188870
767 62 62 1825 1825 189542 189542
768 62 62 1823 1823 189983 189983
769 62 62 1828 1828 190381 190381
770 62 62 1827 1827 191161 191161
771 62 62 1826 1826 191505 191505
772 62 62 1835 1835 191817 191817
773 62 62 1833 1833 192477 192477
774 62 62 1841 1841 193150 193150
775 62 62 1847 1847 193616 193616
776 62 62 1847 1847 193850 193850
777 63 63 1844 1844 194487 194487
778 62 62 1845 1845 194936 194936
779 62 62 1857 1857 195602 195602
780 62 62 1858 1858 196142 196142
781 62 62 1854 1854 196330 196330
782 62 62 1858 1858 197032 197032
783 62 62 1856 1856 197381 197381
784 62 62 1861 1861 198004 198004
785 62 62 1862 1862 198312 198312
786 62 62 1870 1870 198861 198861
787 62 62 1868 1868 199384 199384
788 62 62 1869 1869 199861 199861
789 62 62 1879 1879 200456 200456
790 62 62 1879 1879 201134 201134
791 62 62 1883 1883 201671 201671
792 62 62 1876 1876 201921 201921
793 62 62 1880 1880 202502 202502
794 62 62 1887 1887 203153 203153
795 62 62 1892 1892 203595 203595
796 62 62 1894 1894 204299 204299
797 63 63 1899 1899 204633 204633
798 62 62 1902 1902 205331 205331
799 62 62 1897 1897 205634 205634
800 62 62 1901 1901 206051 206051
801 62 62 1906 1906 206670 206670
802 63 63 1909 1909 207157 207157
803 63 63 1913 1913 207783 207783
804 62 62 1920 1920 208071 208071
805 63 63 1915 1915 208718 208718
806 63 63 1916 1916 209205 209205
807 62 62 1914 1914 209860 209860
808 63 63 1925 1925 210064 210064
809 63 63 1916 1916 210723 210723
810 63 63 1922 1922 211356 211356
811 62 62 1929 1929 211709 211709
812 63 63 1933 1933 212502 212502
813 63 63 1927 1927 212822 212822
814 62 62 1935 1935 213321 213321
815 63 63 1942 1942 213849 213849
816 63 63 1940 1940 214457 214457
817 63 63 1943 1943 214924 214924
818 63 63 1950 1950 215558 215558
819 63 63 1943 1943 216041 216041
820 63 63 1955 1955 216691 216691
821 63 63 1951 1951 217174 217174
822 63 63 1951 1951 217932 217932
823 63 63 1958 1958 218228 218228
824 63 63 1960 1960 218862 218862
825 63 63 1970 1970 219230 219230
826 63 63 1970 1970 219489 219489
827 63 63 1963 1963 220457 220457
828 63 63 1974 1974 220960 220960
829 63 63 1976 1976 221581 221581
830 63 63 1982 1982 222086 222086
831 63 63 1977 1977 222424 222424
832 63 63 1985 1985 222998 222998
833 62 62 1983 1983 223229 223229
834 62 62 1988 1988 224494 224494
835 63 63 1987 1987 224546 224546
836 63 63 1993 1993 225218 225218
837 63 63 1992 1992 226031 226031
838 63 63 2002 2002 226395 226395
839 63 63 2002 2002 226673 226673
840 63 63 1990 1990 227145 227145
841 63 63 2010 2010 227590 227590
842 63 63 2009 2009 228469 228469
843 63 63 2009 2009 228837 228837
844 63 63 2010 2010 229458 229458
845 63 63 2019 2019 229964 229964
846 63 63 2019 2019 230583 230583
847 63 63 2014 2014 230877 230877
848 63 63 2022 2022 231585 231585
849 63 63 2021 2021 232061 232061
850 63 63 2023 2023 232785 232785
851 63 63 2024 2024 233540 233540
852 63 63 2034 2034 233902 233902
853 63 63 2033 2033 234520 234520
854 63 63 2040 2040 234894 234894
855 64 64 2040 2040 235494 235494
856 64 64 2050 2050 236223 236223
857 63 63 2044 2044 236533 236533
858 64 64 2044 2044 237064 237064
859 63 63 2052 2052 237566 237566
860 64 64 2051 2051 238233 238233
861 64 64 2051 2051 238903 238903
862 63 63 2056 2056 239448 239448
863 64 64 2059 2059 239915 239915
864 64 64 2055 2055 240498 240498
865 64 64 2064 2064 241213 241213
866 63 63 2067 2067 241463 241463
867 63 63 2068 2068 242393 242393
868 63 63 2076 2076 242743 242743
869 64 64 2062 2062 243290 243290
870 63 63 2071 2071 243993 243993
871 63 63 2072 2072 244187 244187
872 64 64 2083 2083 244838 244838
873 64 64 2087 2087 245383 245383
874 63 63 2085 2085 245910 245910
875 64 64 2091 2091 246557 246557
876 64 64 2090 2090 247045 247045
877 64 64 2089 2089 247684 247684
878 63 63 2099 2099 248421 248421
879 64 64 2095 2095 249170 249170
880 64 64 2106 2106 249551 249551
881 63 63 2102 2102 250234 250234
882 64 64 2107 2107 250858 250858
883 63 63 2110 2110 251123 251123
884 64 64 2109 2109 251865 251865
885 64 64 2112 2112 252214 252214
886 64 64 2110 2110 253160 253160
887 63 63 2125 2125 253512 253512
888 64 64 2124 2124 253997 253997
889 64 64 2124 2124 254626 254626
890 64 64 2127 2127 255594 255594
891 64 64 2131 2131 256079 256079
892 64 64 2133 2133 256429 256429
893 64 64 2139 2139 256923 256923
894 64 64 2140 2140 257407 257407
895 64 64 2137 2137 257965 257965
896 63 63 2152 2152 258937 258937
897 64 64 2139 2139 259158 259158
898 64 64 2143 2143 259969 259969
899 64 64 2151 2151 260500 260500
900 64 64 2163 2163 261151 261151
901 64 64 2159 2159 261493 261493
902 63 63 2156 2156 262193 262193
903 64 64 2162 2162 262927 262927
904 64 64 2161 2161 263125 263125
905 64 64 2166 2166 264073 264073
906 64 64 2167 2167 264495 264495
907 65 65 2172 2172 265265 265265
908 64 64 2164 2164 265677 265677
909 64 64 2172 2172 266359 266359
910 64 64 2177 2177 266963 266963
911 64 64 2187 2187 267405 267405
912 64 64 2180 2180 267958 267958
913 64 64 2176 2176 268366 268366
914 64 64 2195 2195 268806 268806
915 64 64 2183 2183 269995 269995
916 64 64 2188 2188 270562 270562
917 64 64 2189 2189 270939 270939
918 65 65 2198 2198 271303 271303
919 64 64 2204 2204 272140 272140
920 64 64 2206 2206 272720 272720
921 64 64 2209 2209 273108 273108
922 64 64 2205 2205 273796 273796
923 64 64 2201 2201 274389 274389
924 64 64 2208 2208 275138 275138
925 65 65 2217 2217 275638 275638
926 64 64 2218 2218 276542 276542
927 64 64 2226 2226 276786 276786
928 64 64 2225 2225 277659 277659
929 64 64 2223 2223 278077 278077
930 64 64 2223 2223 278548 278548
931 65 65 2229 2229 279164 279164
932 65 65 2228 2228 279755 279755
933 65 65 2240 2240 280292 280292
934 64 64 2244 2244 280925 280925
935 64 64 2245 2245 281808 281808
936 64 64 2245 2245 282707 282707
937 64 64 2238 2238 283249 283249
938 64 64 2252 2252 283788 283788
939 65 65 2252 2252 283993 283993
940 64 64 2250 2250 284594 284594
941 64 64 2249 2249 285287 285287
942 65 65 2254 2254 286378 286378
943 64 64 2258 2258 286799 286799
944 64 64 2263 2263 287088 287088
945 64 64 2261 2261 287918 287918
946 65 65 2258 2258 288347 288347
947 64 64 2267 2267 289149 289149
948 65 65 2269 2269 289378 289378
949 65 65 2268 2268 290079 290079
950 65 65 2270 2270 290806 290806
951 64 64 2275 2275 291517 291517
952 65 65 2284 2284 291843 291843
953 65 65 2284 2284 293098 293098
954 64 64 2288 2288 292971 292971
955 65 65 2284 2284 293854 293854
956 65 65 2285 2285 294739 294739
957 65 65 2297 2297 295143 295143
958 64 64 2291 2291 295589 295589
959 64 64 2296 2296 296448 296448
960 64 64 2301 2301 296870 296870
961 64 64 2302 2302 297509 297509
962 65 65 2297 2297 298283 298283
963 65 65 2317 2317 298990 298990
964 65 65 2307 2307 299337 299337
965 65 65 2310 2310 300150 300150
966 65 65 2323 2323 300656 300656
967 65 65 2318 2318 301366 301366
968 65 65 2323 2323 301884 301884
969 65 65 2327 2327 302707 302707
970 65 65 2320 2320 303548 303548
971 65 65 2322 2322 303857 303857
972 64 64 2334 2334 304519 304519
973 65 65 2333 2333 305051 305051
974 65 65 2346 2346 305464 305464
975 66 66 2332 2332 306175 306175
976 65 65 2332 2332 307097 307097
977 65 65 2347 2347 307730 307730
978 65 65 2349 2349 308517 308517
979 65 65 2353 2353 308961 308961
980 65 65 2350 2350 309879 309879
981 65 65 2351 2351 310160 310160
982 65 65 2361 2361 311079 311079
983 65 65 2351 2351 311251 311251
984 65 65 2358 2358 312299 312299
985 65 65 2363 2363 312581 312581
986 65 65 2368 2368 313333 313333
987 65 65 2370 2370 313718 313718
988 65 65 2368 2368 314730 314730
989 65 65 2377 2377 315084 315084
990 66 66 2374 2374 316059 316059
991 65 65 2383 2383 316250 316250
992 65 65 2383 2383 317035 317035
993 65 65 2376 2376 317652 317652
994 65 65 2376 2376 318322 318322
995 66 66 2387 2387 318868 318868
996 65 65 2395 2395 319463 319463
997 65 65 2391 2391 320470 320470
998 65 65 2396 2396 320656 320656
999 65 65 2398 2398 321478 321478
1000 65 65 2398 2398 322535 322535
1001 65 65 2408 2408 322743 322743
1002 65 65 2408 2408 323635 323635
1003 65 65 2406 2406 324211 324211
1004 65 65 2417 2417 324825 324825
1005 65 65 2414 2414 325619 325619
1006 65 65 2420 2420 326076 326076
1007 65 65 2424 2424 326362 326362
1008 64 64 2421 2421 327369 327369
1009 65 65 2420 2420 328189 328189
1010 65 65 2426 2426 328848 328848
1011 65 65 2439 2439 329515 329515
1012 66 66 2422 2422 330260 330260
1013 66 66 2431 2431 330839 330839
1014 65 65 2435 2435 331566 331566
1015 65 65 2439 2439 332227 332227
1016 65 65 2438 2438 332267 332267
1017 65 65 2448 2448 333583 333583
1018 65 65 2451 2451 333805 333805
1019 66 66 2449 2449 334428 334428
1020 65 65 2449 2449 335661 335661
1021 65 65 2446 2446 336097 336097
1022 66 66 2451 2451 336676 336676
1023 66 66 2461 2461 337163 337163
1024 65 65 2455 2455 337613 337613
1025 66 66 2458 2458 338558 338558
1026 66 66 2460 2460 339425 339425
1027 66 66 2469 2469 339592 339592
1028 65 65 2476 2476 340587 340587
1029 66 66 2478 2478 341175 341175
1030 65 65 2479 2479 341899 341899
1031 66 66 2479 2479 342522 342522
1032 65 65 2475 2475 343377 343377
1033 65 65 2493 2493 344053 344053
1034 66 66 2488 2488 344623 344623
1035 66 66 2496 2496 345132 345132
1036 66 66 2489 2489 346200 346200
1037 66 66 2495 2495 346363 346363
1038 66 66 2491 2491 347343 347343
1039 66 66 2504 2504 348247 348247
1040 66 66 2504 2504 348673 348673
1041 66 66 2504 2504 349015 349015
1042 66 66 2513 2513 350069 350069
1043 65 65 2499 2499 350306 350306
1044 66 66 2509 2509 351424 351424
1045 66 66 2513 2513 351423 351423
1046 66 66 2515 2515 352566 352566
1047 65 65 2521 2521 353818 353818
1048 66 66 2525 2525 353680 353680
1049 66 66 2515 2515 355167 355167
1050 66 66 2522 2522 355445 355445
1051 66 66 2524 2524 356145 356145
1052 66 66 2523 2523 356712 356712
1053 66 66 2537 2537 357577 357577
1054 66 66 2538 2538 357999 357999
1055 66 66 2544 2544 358906 358906
1056 66 66 2538 2538 359203 359203
1057 66 66 2541 2541 360204 360204
1058 66 66 2546 2546 360735 360735
1059 67 67 2544 2544 361456 361456
1060 66 66 2552 2552 362040 362040
1061 66 66 2560 2560 362549 362549
1062 66 66 2556 2556 363298 363298
1063 66 66 2555 2555 363929 363929
1064 66 66 2557 2557 364714 364714
1065 66 66 2567 2567 365455 365455
1066 66 66 2564 2564 366465 366465
1067 66 66 2574 2574 367352 367352
1068 66 66 2570 2570 367620 367620
1069 66 66 2579 2579 368289 368289
1070 65 65 2572 2572 369486 369486
1071 66 66 2583 2583 369640 369640
1072 66 66 2565 2565 370299 370299
1073 66 66 2583 2583 371353 371353
1074 66 66 2581 2581 371823 371823
1075 66 66 2592 2592 372658 372658
1076 65 65 2590 2590 373375 373375
1077 66 66 2593 2593 373477 373477
1078 67 67 2599 2599 374801 374801
1079 66 66 2601 2601 375492 375492
1080 66 66 2601 2601 375497 375497
1081 66 66 2594 2594 376502 376502
1082 66 66 2607 2607 377050 377050
1083 66 66 2608 2608 378371 378371
1084 66 66 2602 2602 378594 378594
1085 67 67 2615 2615 379518 379518
1086 66 66 2607 2607 379773 379773
1087 66 66 2617 2617 381030 381030
1088 67 67 2625 2625 381753 381753
1089 66 66 2618 2618 382309 382309
1090 66 66 2629 2629 383339 383339
1091 66 66 2620 2620 383733 383733
1092 66 66 2635 2635 384444 384444
1093 66 66 2646 2646 384550 384550
1094 66 66 2641 2641 385662 385662
1095 66 66 2649 2649 386316 386316
1096 67 67 2643 2643 386860 386860
1097 67 67 2646 2646 387722 387722
1098 66 66 2649 2649 388497 388497
1099 67 67 2657 2657 389310 389310
1100 66 66 2647 2647 389912 389912
1101 67 67 2660 2660 390839 390839
1102 67 67 2650 2650 391232 391232
1103 67 67 2663 2663 391836 391836
1104 67 67 2660 2660 392766 392766
1105 66 66 2661 2661 393741 393741
1106 66 66 2668 2668 394328 394328
1107 66 66 2666 2666 395102 395102
1108 66 66 2671 2671 395884 395884
1109 66 66 2665 2665 395985 395985
1110 66 66 2675 2675 397395 397395
1111 67 67 2688 2688 397916 397916
1112 67 67 2680 2680 398707 398707
1113 66 66 2678 2678 399409 399409
1114 66 66 2693 2693 400078 400078
1115 66 66 2691 2691 400579 400579
1116 67 67 2686 2686 401944 401944
1117 67 67 2697 2697 401792 401792
1118 67 67 2694 2694 402435 402435
1119 67 67 2693 2693 403594 403594
1120 67 67 2703 2703 404228 404228
1121 67 67 2702 2702 404717 404717
1122 67 67 2710 2710 405707 405707
1123 67 67 2716 2716 406531 406531
1124 67 67 2716 2716 407230 407230
1125 66 66 2712 2712 408033 408033
1126 66 66 2710 2710 408547 408547
1127 66 66 2716 2716 409452 409452
1128 66 66 2709 2709 410033 410033
1129 67 67 2727 2727 410477 410477
1130 67 67 2728 2728 411824 411824
1131 67 67 2733 2733 412242 412242
1132 67 67 2730 2730 413054 413054
1133 67 67 2729 2729 414143 414143
1134 67 67 2735 2735 414956 414956
1135 67 67 2740 2740 415039 415039
1136 67 67 2741 2741 415754 415754
1137 67 67 2734 2734 417067 417067
1138 67 67 2742 2742 417637 417637
1139 67 67 2740 2740 418442 418442
1140 66 66 2754 2754 418995 418995
1141 67 67 2749 2749 419655 419655
1142 66 66 2751 2751 420230 420230
1143 67 67 2767 2767 421408 421408
1144 67 67 2759 2759 422056 422056
1145 67 67 2768 2768 423011 423011
1146 66 66 2767 2767 423345 423345
1147 67 67 2759 2759 423709 423709
1148 67 67 2762 2762 425634 425634
1149 67 67 2780 2780 425246 425246
1150 66 66 2774 2774 426476 426476
1151 67 67 2773 2773 427280 427280
1152 67 67 2786 2786 428018 428018
1153 67 67 2783 2783 428546 428546
1154 67 67 2783 2783 429485 429485
1155 67 67 2796 2796 430264 430264
1156 67 67 2792 2792 430746 430746
1157 67 67 2798 2798 431248 431248
1158 67 67 2790 2790 432217 432217
1159 67 67 2793 2793 432904 432904
1160 67 67 2786 2786 434366 434366
1161 67 67 2800 2800 434282 434282
1162 67 67 2810 2810 434761 434761
1163 67 67 2805 2805 436361 436361
1164 67 67 2813 2813 436977 436977
1165 68 68 2811 2811 437659 437659
1166 67 67 2815 2815 438486 438486
1167 68 68 2821 2821 438667 438667
1168 67 67 2817 2817 439893 439893
1169 67 67 2826 2826 440045 440045
1170 67 67 2830 2830 441230 441230
1171 68 68 2823 2823 442210 442210
1172 67 67 2833 2833 442903 442903
1173 67 67 2830 2830 443854 443854
1174 67 67 2842 2842 444216 444216
1175 67 67 2837 2837 445108 445108
1176 68 68 2840 2840 446452 446452
1177 67 67 2842 2842 446624 446624
1178 67 67 2844 2844 447196 447196
1179 68 68 2854 2854 447975 447975
1180 67 67 2851 2851 448794 448794
1181 67 67 2847 2847 449701 449701
1182 67 67 2862 2862 450146 450146
1183 66 66 2855 2855 450948 450948
1184 67 67 2865 2865 452222 452222
1185 67 67 2864 2864 452323 452323
1186 67 67 2857 2857 453629 453629
1187 67 67 2860 2860 454455 454455
1188 68 68 2874 2874 455015 455015
1189 67 67 2879 2879 455512 455512
1190 67 67 2874 2874 456602 456602
1191 67 67 2874 2874 458037 458037
1192 67 67 2893 2893 458683 458683
1193 67 67 2884 2884 458823 458823
1194 67 67 2880 2880 459383 459383
1195 67 67 2892 2892 460740 460740
1196 68 68 2894 2894 461549 461549
1197 67 67 2893 2893 461712 461712
1198 67 67 2900 2900 462897 462897
1199 68 68 2904 2904 463019 463019
1200 68 68 2896 2896 464150 464150
1201 67 67 2907 2907 464919 464919
1202 67 67 2903 2903 465697 465697
1203 68 68 2913 2913 466787 466787
1204 67 67 2911 2911 467267 467267
1205 67 67 2908 2908 468528 468528
1206 68 68 2909 2909 468433 468433
1207 68 68 2921 2921 469751 469751
1208 68 68 2925 2925 470225 470225
1209 68 68 2934 2934 471008 471008
1210 68 68 2922 2922 471992 471992
1211 67 67 2943 2943 472701 472701
1212 68 68 2919 2919 473687 473687
1213 67 67 2940 2940 474132 474132
1214 68 68 2941 2941 474895 474895
1215 68 68 2937 2937 475752 475752
1216 68 68 2943 2943 476686 476686
1217 67 67 2953 2953 477442 477442
1218 68 68 2953 2953 478146 478146
1219 68 68 2954 2954 479001 479001
1220 68 68 2960 2960 480135 480135
1221 68 68 2964 2964 480672 480672
1222 68 68 2955 2955 480676 480676
1223 68 68 2960 2960 482244 482244
1224 67 67 2962 2962 482914 482914
1225 68 68 2962 2962 483751 483751
1226 68 68 2975 2975 484199 484199
1227 68 68 2981 2981 485313 485313
1228 68 68 2969 2969 486341 486341
1229 68 68 2979 2979 486535 486535
1230 67 67 2973 2973 487831 487831
1231 68 68 2980 2980 488502 488502
1232 68 68 2973 2973 489473 489473
1233 68 68 2986 2986 490187 490187
1234 68 68 2979 2979 490800 490800
1235 68 68 2996 2996 491597 491597
1236 68 68 2988 2988 492808 492808
1237 68 68 2998 2998 493849 493849
1238 68 68 2999 2999 494488 494488
1239 68 68 3002 3002 495473 495473
1240 68 68 3005 3005 495835 495835
1241 68 68 3000 3000 496725 496725
1242 68 68 3012 3012 497653 497653
1243 68 68 3011 3011 498200 498200
1244 68 68 3004 3004 499121 499121
1245 68 68 3012 3012 499668 499668
1246 67 67 3012 3012 500557 500557
1247 67 67 3018 3018 501519 501519
1248 68 68 3021 3021 502011 502011
1249 67 67 3018 3018 502857 502857
1250 68 68 3019 3019 503167 503167
1251 68 68 3035 3035 504552 504552
1252 68 68 3033 3033 505879 505879
1253 68 68 3035 3035 505852 505852
1254 68 68 3039 3039 506950 506950
1255 68 68 3036 3036 507679 507679
1256 68 68 3034 3034 508933 508933
1257 68 68 3048 3048 509653 509653
1258 68 68 3053 3053 510438 510438
1259 68 68 3050 3050 511126 511126
1260 68 68 3059 3059 511691 511691
1261 68 68 3056 3056 512908 512908
1262 68 68 3070 3070 513404 513404
1263 69 69 3067 3067 514801 514801
1264 68 68 3060 3060 514903 514903
1265 68 68 3067 3067 516183 516183
1266 68 68 3075 3075 516678 516678
1267 68 68 3080 3080 517794 517794
1268 69 69 3070 3070 518379 518379
1269 69 69 3079 3079 519446 519446
1270 69 69 3074 3074 519839 519839
1271 68 68 3077 3077 521005 521005
1272 68 68 3079 3079 521725 521725
1273 69 69 3082 3082 522805 522805
1274 68 68 3074 3074 523345 523345
1275 68 68 3077 3077 524355 524355
1276 68 68 3095 3095 524517 524517
1277 68 68 3099 3099 525774 525774
1278 68 68 3107 3107 527031 527031
1279 69 69 3098 3098 527363 527363
1280 68 68 3104 3104 528503 528503
1281 69 69 3109 3109 529329 529329
1282 68 68 3107 3107 530133 530133
1283 68 68 3106 3106 531415 531415
1284 68 68 3108 3108 531711 531711
1285 69 69 3110 3110 532981 532981
1286 68 68 3122 3122 533145 533145
1287 68 68 3125 3125 534171 534171
1288 69 69 3132 3132 534609 534609
1289 68 68 3124 3124 535508 535508
1290 68 68 3127 3127 536984 536984
1291 68 68 3131 3131 537291 537291
1292 69 69 3125 3125 538238 538238
1293 69 69 3140 3140 539593 539593
1294 68 68 3139 3139 540146 540146
1295 68 68 3136 3136 541134 541134
1296 69 69 3146 3146 541880 541880
1297 69 69 3148 3148 541723 541723
1298 69 69 3157 3157 543344 543344
1299 69 69 3150 3150 544468 544468
1300 68 68 3153 3153 545340 545340
1301 69 69 3152 3152 546019 546019
1302 69 69 3158 3158 545748 545748
1303 68 68 3165 3165 547750 547750
1304 69 69 3164 3164 548035 548035
1305 68 68 3166 3166 549310 549310
1306 68 68 3161 3161 550410 550410
1307 68 68 3175 3175 550598 550598
1308 68 68 3172 3172 551478 551478
1309 69 69 3175 3175 552830 552830
1310 69 69 3176 3176 553436 553436
1311 68 68 3180 3180 554448 554448
1312 68 68 3186 3186 554646 554646
1313 69 69 3182 3182 555920 555920
1314 69 69 3194 3194 556598 556598
1315 69 69 3200 3200 557163 557163
1316 69 69 3188 3188 558805 558805
1317 68 68 3198 3198 558853 558853
1318 69 69 3197 3197 560379 560379
1319 69 69 3198 3198 561119 561119
1320 69 69 3201 3201 561499 561499
1321 69 69 3210 3210 562808 562808
1322 69 69 3200 3200 563337 563337
1323 69 69 3198 3198 564270 564270
1324 69 69 3215 3215 564740 564740
1325 69 69 3213 3213 566133 566133
1326 69 69 3215 3215 566865 566865
1327 70 70 3217 3217 568191 568191
1328 68 68 3220 3220 568516 568516
1329 69 69 3230 3230 569621 569621
1330 69 69 3225 3225 569689 569689
1331 69 69 3232 3232 571226 571226
1332 69 69 3224 3224 572227 572227
1333 69 69 3226 3226 572760 572760
1334 69 69 3240 3240 573596 573596
1335 69 69 3243 3243 574849 574849
1336 69 69 3243 3243 575318 575318
1337 68 68 3254 3254 577094 577094
1338 68 68 3246 3246 577294 577294
1339 69 69 3253 3253 577346 577346
1340 69 69 3266 3266 579121 579121
1341 69 69 3253 3253 579876 579876
1342 69 69 3257 3257 580559 580559
1343 69 69 3264 3264 582314 582314
1344 68 68 3268 3268 582525 582525
1345 69 69 3267 3267 583470 583470
1346 68 68 3280 3280 584231 584231
1347 69 69 3274 3274 585165 585165
1348 69 69 3270 3270 586395 586395
1349 69 69 3275 3275 587042 587042
1350 69 69 3266 3266 586999 586999
1351 69 69 3277 3277 588884 588884
1352 69 69 3297 3297 589290 589290
1353 69 69 3284 3284 590040 590040
1354 69 69 3292 3292 591190 591190
1355 69 69 3291 3291 592238 592238
1356 69 69 3290 3290 592891 592891
1357 69 69 3291 3291 594220 594220
1358 69 69 3309 3309 594787 594787
1359 69 69 3309 3309 596226 596226
1360 69 69 3298 3298 596066 596066
1361 69 69 3304 3304 597325 597325
1362 69 69 3305 3305 598083 598083
1363 70 70 3313 3313 599030 599030
1364 69 69 3318 3318 599756 599756
1365 69 69 3312 3312 600386 600386
1366 69 69 3312 3312 601621 601621
1367 69 69 3324 3324 602862 602862
1368 69 69 3329 3329 603385 603385
1369 69 69 3331 3331 604737 604737
1370 70 70 3337 3337 605275 605275
1371 69 69 3334 3334 605674 605674
1372 69 69 3334 3334 606640 606640
1373 69 69 3344 3344 607324 607324
1374 70 70 3345 3345 608721 608721
1375 69 69 3342 3342 609883 609883
1376 69 69 3344 3344 609823 609823
1377 69 69 3346 3346 611194 611194
1378 69 69 3353 3353 612708 612708
1379 69 69 3347 3347 613343 613343
1380 69 69 3349 3349 613346 613346
1381 69 69 3351 3351 615388 615388
1382 69 69 3354 3354 616003 616003
1383 69 69 3362 3362 617032 617032
1384 69 69 3364 3364 618153 618153
1385 69 69 3375 3375 618403 618403
1386 69 69 3368 3368 619518 619518
1387 69 69 3366 3366 620443 620443
1388 70 70 3375 3375 621711 621711
1389 69 69 3376 3376 622225 622225
1390 69 69 3379 3379 623434 623434
1391 69 69 3378 3378 624142 624142
1392 69 69 3391 3391 624809 624809
1393 69 69 3387 3387 625922 625922
1394 70 70 3387 3387 626656 626656
1395 69 69 3392 3392 627765 627765
1396 70 70 3402 3402 628013 628013
1397 70 70 3390 3390 629344 629344
1398 69 69 3407 3407 630017 630017
1399 69 69 3399 3399 631191 631191
1400 69 69 3397 3397 631981 631981
1401 70 70 3405 3405 633141 633141
1402 69 69 3412 3412 633817 633817
1403 70 70 3405 3405 634157 634157
1404 70 70 3416 3416 635633 635633
1405 70 70 3417 3417 636085 636085
1406 69 69 3414 3414 636839 636839
1407 69 69 3424 3424 638736 638736
1408 70 70 3417 3417 639040 639040
1409 70 70 3428 3428 640286 640286
1410 70 70 3424 3424 641230 641230
1411 70 70 3431 3431 641786 641786
1412 69 69 3437 3437 642533 642533
1413 70 70 3440 3440 643704 643704
1414 70 70 3435 3435 644290 644290
1415 70 70 3441 3441 645882 645882
1416 70 70 3447 3447 646191 646191
1417 69 69 3438 3438 647677 647677
1418 70 70 3451 3451 648949 648949
1419 70 70 3449 3449 649109 649109
1420 69 69 3458 3458 649732 649732
1421 69 69 3463 3463 651063 651063
1422 70 70 3461 3461 651538 651538
1423 70 70 3451 3451 652799 652799
1424 69 69 3461 3461 654153 654153
1425 70 70 3482 3482 654700 654700
1426 70 70 3470 3470 655628 655628
1427 69 69 3475 3475 656475 656475
1428 70 70 3475 3475 657547 657547
1429 70 70 3473 3473 658109 658109
1430 69 69 3478 3478 658679 658679
1431 70 70 3499 3499 660823 660823
1432 69 69 3485 3485 661675 661675
1433 70 70 3489 3489 662442 662442
1434 70 70 3487 3487 663429 663429
1435 70 70 3492 3492 664011 664011
1436 70 70 3491 3491 665210 665210
1437 70 70 3505 3505 666518 666518
1438 69 69 3498 3498 667027 667027
1439 69 69 3503 3503 666774 666774
1440 70 70 3491 3491 668905 668905
1441 70 70 3497 3497 668932 668932
1442 70 70 3506 3506 670296 670296
1443 70 70 3512 3512 671359 671359
1444 70 70 3510 3510 672844 672844
1445 70 70 3516 3516 673614 673614
1446 70 70 3514 3514 673465 673465
1447 70 70 3519 3519 675579 675579
1448 70 70 3517 3517 676038 676038
1449 70 70 3520 3520 677309 677309
1450 70 70 3537 3537 677959 677959
1451 70 70 3533 3533 679148 679148
1452 70 70 3530 3530 679443 679443
1453 70 70 3533 3533 680780 680780
1454 70 70 3552 3552 681393 681393
1455 70 70 3546 3546 682891 682891
1456 70 70 3547 3547 684469 684469
1457 70 70 3548 3548 685066 685066
1458 70 70 3546 3546 685856 685856
1459 69 69 3549 3549 685849 685849
1460 69 69 3556 3556 687793 687793
1461 69 69 3562 3562 688809 688809
1462 70 70 3564 3564 689453 689453
1463 70 70 3574 3574 690002 690002
1464 70 70 3566 3566 691170 691170
1465 69 69 3566 3566 691640 691640
1466 70 70 3560 3560 692993 692993
1467 70 70 3578 3578 693622 693622
1468 70 70 3579 3579 694623 694623
1469 70 70 3576 3576 696078 696078
1470 70 70 3589 3589 696429 696429
1471 70 70 3593 3593 697846 697846
1472 70 70 3578 3578 698367 698367
1473 70 70 3589 3589 699515 699515
1474 70 70 3587 3587 700786 700786
1475 70 70 3599 3599 701653 701653
1476 71 71 3598 3598 702478 702478
1477 70 70 3596 3596 703645 703645
1478 70 70 3603 3603 704135 704135
1479 70 70 3608 3608 705076 705076
1480 70 70 3598 3598 706470 706470
1481 70 70 3606 3606 706789 706789
1482 70 70 3613 3613 708229 708229
1483 70 70 3612 3612 708980 708980
1484 70 70 3615 3615 710478 710478
1485 70 70 3614 3614 711232 711232
1486 70 70 3625 3625 712142 712142
1487 70 70 3617 3617 713253 713253
1488 70 70 3631 3631 713871 713871
1489 70 70 3631 3631 714796 714796
1490 70 70 3634 3634 715692 715692
1491 70 70 3639 3639 717130 717130
1492 70 70 3624 3624 718083 718083
1493 70 70 3631 3631 718488 718488
1494 70 70 3638 3638 719906 719906
1495 70 70 3640 3640 720977 720977
1496 70 70 3648 3648 721687 721687
1497 71 71 3654 3654 722711 722711
1498 70 70 3652 3652 723514 723514
1499 71 71 3649 3649 724676 724676
1500 70 70 3652 3652 725498 725498
1501 70 70 3657 3657 726545 726545
1502 70 70 3655 3655 727808 727808
1503 70 70 3662 3662 728958 728958
1504 71 71 3647 3647 729093 729093
1505 70 70 3676 3676 730237 730237
1506 70 70 3685 3685 731511 731511
1507 70 70 3675 3675 732072 732072
1508 70 70 3681 3681 733384 733384
1509 70 70 3669 3669 734240 734240
1510 70 70 3689 3689 735121 735121
1511 70 70 3689 3689 736036 736036
1512 71 71 3690 3690 737941 737941
1513 70 70 3694 3694 738764 738764
1514 70 70 3695 3695 739132 739132
1515 70 70 3681 3681 740403 740403
1516 71 71 3697 3697 741403 741403
1517 70 70 3696 3696 741536 741536
1518 70 70 3700 3700 742363 742363
1519 70 70 3706 3706 743894 743894
1520 70 70 3705 3705 746337 746337
1521 70 70 3710 3710 746751 746751
1522 70 70 3704 3704 747136 747136
1523 70 70 3714 3714 747964 747964
1524 71 71 3721 3721 749173 749173
1525 71 71 3709 3709 749681 749681
1526 71 71 3720 3720 751312 751312
1527 71 71 3728 3728 751941 751941
1528 70 70 3731 3731 753171 753171
1529 70 70 3728 3728 754112 754112
1530 71 71 3735 3735 754669 754669
1531 70 70 3731 3731 756076 756076
1532 71 71 3729 3729 756075 756075
1533 71 71 3736 3736 758101 758101
1534 71 71 3753 3753 758981 758981
1535 71 71 3750 3750 759795 759795
1536 71 71 3746 3746 760939 760939
1537 71 71 3739 3739 762035 762035
1538 70 70 3758 3758 762998 762998
1539 70 70 3764 3764 764026 764026
1540 71 71 3759 3759 764228 764228
1541 71 71 3756 3756 765168 765168
1542 71 71 3775 3775 767064 767064
1543 70 70 3777 3777 767680 767680
1544 71 71 3761 3761 768891 768891
1545 70 70 3766 3766 770071 770071
1546 71 71 3769 3769 770267 770267
1547 71 71 3764 3764 771716 771716
1548 71 71 3783 3783 772820 772820
1549 71 71 3780 3780 773235 773235
1550 70 70 3779 3779 774086 774086
1551 71 71 3784 3784 776200 776200
1552 70 70 3797 3797 776949 776949
1553 71 71 3781 3781 778040 778040
1554 71 71 3777 3777 779477 779477
1555 71 71 3789 3789 780131 780131
1556 70 70 3805 3805 781007 781007
1557 71 71 3802 3802 781275 781275
1558 71 71 3805 3805 783106 783106
1559 71 71 3806 3806 784085 784085
1560 70 70 3810 3810 784789 784789
1561 71 71 3802 3802 786460 786460
1562 71 71 3811 3811 787158 787158
1563 72 72 3818 3818 788443 788443
1564 71 71 3819 3819 788704 788704
1565 71 71 3808 3808 790263 790263
1566 71 71 3823 3823 790816 790816
1567 71 71 3824 3824 792672 792672
1568 70 70 3824 3824 792691 792691
1569 71 71 3823 3823 793857 793857
1570 71 71 3831 3831 795436 795436
1571 71 71 3842 3842 795800 795800
1572 71 71 3836 3836 796249 796249
1573 71 71 3847 3847 797796 797796
1574 71 71 3845 3845 798773 798773
1575 71 71 3841 3841 799927 799927
1576 70 70 3848 3848 800962 800962
1577 71 71 3846 3846 801539 801539
1578 71 71 3859 3859 802942 802942
1579 71 71 3849 3849 803953 803953
1580 71 71 3854 3854 805307 805307
1581 71 71 3863 3863 807222 807222
1582 71 71 3853 3853 807503 807503
1583 71 71 3878 3878 808275 808275
1584 71 71 3866 3866 808690 808690
1585 71 71 3862 3862 809837 809837
1586 71 71 3875 3875 811512 811512
1587 71 71 3873 3873 811801 811801
1588 71 71 3879 3879 813345 813345
1589 71 71 3879 3879 814783 814783
1590 71 71 3884 3884 815149 815149
1591 71 71 3878 3878 816546 816546
1592 71 71 3882 3882 817337 817337
1593 71 71 3886 3886 817837 817837
1594 71 71 3886 3886 819477 819477
1595 71 71 3901 3901 820298 820298
1596 71 71 3892 3892 821591 821591
1597 71 71 3897 3897 821770 821770
1598 72 72 3911 3911 823290 823290
1599 71 71 3906 3906 824529 824529
1600 70 70 3914 3914 825620 825620
1601 71 71 3910 3910 826176 826176
1602 70 70 3921 3921 827982 827982
1603 71 71 3924 3924 828156 828156
1604 71 71 3913 3913 829453 829453
1605 71 71 3921 3921 831287 831287
1606 71 71 3922 3922 832238 832238
1607 71 71 3919 3919 832208 832208
1608 71 71 3929 3929 833438 833438
1609 71 71 3941 3941 834950 834950
1610 71 71 3936 3936 835950 835950
1611 71 71 3938 3938 837066 837066
1612 71 71 3931 3931 838131 838131
1613 71 71 3947 3947 839207 839207
1614 71 71 3935 3935 840844 840844
1615 71 71 3947 3947 841101 841101
1616 72 72 3953 3953 842661 842661
1617 71 71 3947 3947 842817 842817
1618 71 71 3946 3946 845087 845087
1619 71 71 3955 3955 846111 846111
1620 71 71 3961 3961 846895 846895
1621 71 71 3960 3960 847581 847581
1622 71 71 3960 3960 849048 849048
1623 71 71 3964 3964 849626 849626
1624 71 71 3978 3978 850368 850368
1625 71 71 3974 3974 851664 851664
1626 71 71 3979 3979 853006 853006
1627 71 71 3978 3978 853391 853391
1628 71 71 3984 3984 855078 855078
1629 71 71 3986 3986 855476 855476
1630 71 71 3975 3975 857567 857567
1631 72 72 3973 3973 857889 857889
1632 71 71 3994 3994 858495 858495
1633 71 71 3984 3984 859636 859636
1634 71 71 3992 3992 860741 860741
1635 71 71 3990 3990 861642 861642
1636 72 72 3992 3992 863115 863115
1637 72 72 3999 3999 864639 864639
1638 71 71 3999 3999 866115 866115
1639 71 71 4013 4013 866283 866283
1640 71 71 4002 4002 868286 868286
1641 71 71 4019 4019 867907 867907
1642 71 71 4007 4007 869665 869665
1643 71 71 4015 4015 870554 870554
1644 71 71 4017 4017 871413 871413
1645 72 72 4026 4026 872878 872878
1646 71 71 4034 4034 874152 874152
1647 72 72 4032 4032 874815 874815
1648 71 71 4029 4029 875405 875405
1649 72 72 4028 4028 876795 876795
1650 71 71 4032 4032 878040 878040
1651 71 71 4042 4042 878816 878816
1652 71 71 4037 4037 880388 880388
1653 71 71 4044 4044 881407 881407
1654 72 72 4044 4044 881939 881939
1655 71 71 4051 4051 883113 883113
1656 71 71 4047 4047 884501 884501
1657 72 72 4041 4041 886068 886068
1658 71 71 4047 4047 886230 886230
1659 72 72 4053 4053 886535 886535
1660 72 72 4051 4051 888717 888717
1661 71 71 4060 4060 889994 889994
1662 71 71 4072 4072 891397 891397
1663 72 72 4054 4054 892056 892056
1664 71 71 4059 4059 893375 893375
1665 71 71 4075 4075 893628 893628
1666 72 72 4074 4074 895482 895482
1667 71 71 4067 4067 897334 897334
1668 72 72 4082 4082 897103 897103
1669 72 72 4082 4082 898445 898445
1670 71 71 4082 4082 899354 899354
1671 72 72 4081 4081 900272 900272
1672 72 72 4086 4086 901543 901543
1673 72 72 4089 4089 902979 902979
1674 72 72 4098 4098 903531 903531
1675 72 72 4098 4098 904500 904500
1676 72 72 4113 4113 905702 905702
1677 72 72 4099 4099 907269 907269
1678 72 72 4093 4093 907935 907935
1679 72 72 4114 4114 909477 909477
1680 72 72 4116 4116 909719 909719
1681 72 72 4120 4120 912092 912092
1682 71 71 4114 4114 912423 912423
1683 72 72 4118 4118 914226 914226
1684 72 72 4131 4131 914517 914517
1685 71 71 4123 4123 915642 915642
1686 72 72 4129 4129 916724 916724
1687 71 71 4131 4131 918643 918643
1688 72 72 4127 4127 919204 919204
1689 72 72 4133 4133 919539 919539
1690 72 72 4155 4155 920878 920878
1691 71 71 4136 4136 922130 922130
1692 72 72 4147 4147 924455 924455
1693 72 72 4139 4139 925018 925018
1694 72 72 4153 4153 925741 925741
1695 72 72 4151 4151 926375 926375
1696 72 72 4147 4147 928044 928044
1697 71 71 4142 4142 928720 928720
1698 72 72 4153 4153 930200 930200
1699 72 72 4155 4155 931656 931656
1700 72 72 4152 4152 931844 931844
1701 71 71 4168 4168 932807 932807
1702 72 72 4167 4167 934890 934890
1703 72 72 4167 4167 934499 934499
1704 73 73 4168 4168 936407 936407
1705 72 72 4179 4179 937282 937282
1706 72 72 4186 4186 938835 938835
1707 72 72 4172 4172 940082 940082
1708 72 72 4184 4184 940983 940983
1709 72 72 4177 4177 941835 941835
1710 72 72 4189 4189 942681 942681
1711 72 72 4190 4190 943830 943830
1712 72 72 4194 4194 945510 945510
1713 72 72 4197 4197 945894 945894
1714 72 72 4196 4196 947838 947838
1715 73 73 4200 4200 948365 948365
1716 72 72 4195 4195 949226 949226
1717 72 72 4192 4192 950786 950786
1718 72 72 4211 4211 951889 951889
1719 72 72 4207 4207 952435 952435
1720 72 72 4207 4207 954500 954500
1721 71 71 4219 4219 955068 955068
1722 72 72 4209 4209 956285 956285
1723 72 72 4208 4208 957499 957499
1724 72 72 4219 4219 958244 958244
1725 72 72 4231 4231 960235 960235
1726 72 72 4235 4235 960938 960938
1727 72 72 4226 4226 962278 962278
1728 72 72 4236 4236 962823 962823
1729 72 72 4240 4240 964072 964072
1730 72 72 4241 4241 965386 965386
1731 72 72 4248 4248 966828 966828
1732 72 72 4233 4233 967595 967595
1733 72 72 4250 4250 968796 968796
1734 72 72 4242 4242 970032 970032
1735 72 72 4243 4243 969446 969446
1736 72 72 4252 4252 972602 972602
1737 73 73 4245 4245 972836 972836
1738 72 72 4260 4260 975097 975097
1739 72 72 4259 4259 975913 975913
1740 72 72 4259 4259 975784 975784
1741 73 73 4276 4276 978579 978579
1742 72 72 4266 4266 979182 979182
1743 72 72 4262 4262 980400 980400
1744 72 72 4281 4281 980108 980108
1745 71 71 4271 4271 982117 982117
1746 72 72 4276 4276 983962 983962
1747 72 72 4281 4281 983535 983535
1748 72 72 4283 4283 985786 985786
1749 73 73 4283 4283 987105 987105
1750 72 72 4276 4276 987208 987208
1751 72 72 4274 4274 988817 988817
1752 72 72 4295 4295 989144 989144
1753 72 72 4297 4297 990712 990712
1754 72 72 4294 4294 992198 992198
1755 72 72 4299 4299 993553 993553
1756 72 72 4304 4304 994800 994800
1757 72 72 4305 4305 995681 995681
1758 72 72 4306 4306 997161 997161
1759 72 72 4314 4314 997261 997261
1760 72 72 4307 4307 999274 999274
1761 72 72 4315 4315 1000203 1000203
1762 72 72 4326 4326 1001234 1001234
1763 72 72 4310 4310 1003180 1003180
1764 73 73 4308 4308 1003633 1003633
1765 72 72 4327 4327 1005349 1005349
1766 72 72 4333 4333 1005130 1005130
1767 72 72 4343 4343 1007536 1007536
1768 72 72 4321 4321 1008157 1008157
1769 72 72 4327 4327 1009881 1009881
1770 73 73 4352 4352 1010724 1010724
1771 72 72 4332 4332 1011067 1011067
1772 72 72 4336 4336 1012764 1012764
1773 72 72 4345 4345 1014335 1014335
1774 72 72 4335 4335 1015119 1015119
1775 73 73 4351 4351 1015551 1015551
1776 72 72 4345 4345 1017849 1017849
1777 72 72 4363 4363 1017910 1017910
1778 73 73 4356 4356 1020450 1020450
1779 73 73 4347 4347 1021671 1021671
1780 72 72 4368 4368 1022247 1022247
1781 73 73 4372 4372 1022795 1022795
1782 73 73 4367 4367 1024736 1024736
1783 72 72 4355 4355 1024984 1024984
1784 72 72 4374 4374 1027275 1027275
1785 73 73 4370 4370 1028602 1028602
1786 72 72 4394 4394 1028796 1028796
1787 72 72 4359 4359 1030327 1030327
1788 73 73 4388 4388 1031611 1031611
1789 73 73 4388 4388 1032545 1032545
1790 73 73 4386 4386 1033708 1033708
1791 73 73 4390 4390 1034152 1034152
1792 72 72 4390 4390 1035489 1035489
1793 72 72 4400 4400 1037040 1037040
1794 72 72 4413 4413 1038974 1038974
1795 73 73 4404 4404 1040144 1040144
1796 73 73 4403 4403 1040370 1040370
1797 73 73 4407 4407 1041418 1041418
1798 73 73 4421 4421 1043013 1043013
1799 73 73 4403 4403 1043760 1043760
1800 72 72 4410 4410 1044885 1044885
1801 73 73 4414 4414 1046456 1046456
1802 73 73 4419 4419 1047632 1047632
1803 73 73 4425 4425 1048927 1048927
1804 73 73 4426 4426 1049883 1049883
1805 73 73 4418 4418 1050839 1050839
1806 73 73 4437 4437 1052251 1052251
1807 72 72 4434 4434 1052563 1052563
1808 73 73 4427 4427 1053949 1053949
1809 73 73 4424 4424 1055058 1055058
1810 72 72 4447 4447 1056544 1056544
1811 73 73 4452 4452 1057634 1057634
1812 73 73 4445 4445 1058922 1058922
1813 73 73 4453 4453 1060248 1060248
1814 73 73 4447 4447 1060972 1060972
1815 72 72 4454 4454 1062656 1062656
1816 72 72 4457 4457 1063106 1063106
1817 72 72 4451 4451 1064657 1064657
1818 72 72 4458 4458 1066012 1066012
1819 73 73 4455 4455 1067252 1067252
1820 72 72 4476 4476 1068430 1068430
1821 72 72 4468 4468 1069672 1069672
1822 73 73 4454 4454 1070782 1070782
1823 73 73 4473 4473 1072359 1072359
1824 72 72 4459 4459 1072222 1072222
1825 72 72 4486 4486 1074389 1074389
1826 73 73 4486 4486 1075502 1075502
1827 73 73 4491 4491 1075610 1075610
1828 73 73 4492 4492 1077954 1077954
1829 73 73 4485 4485 1078615 1078615
1830 73 73 4480 4480 1081473 1081473
1831 73 73 4493 4493 1081356 1081356
1832 73 73 4497 4497 1082808 1082808
1833 73 73 4509 4509 1084292 1084292
1834 73 73 4493 4493 1085547 1085547
1835 73 73 4518 4518 1086308 1086308
1836 73 73 4496 4496 1087434 1087434
1837 72 72 4505 4505 1088688 1088688
1838 73 73 4508 4508 1091052 1091052
1839 72 72 4517 4517 1091303 1091303
1840 73 73 4514 4514 1092560 1092560
1841 73 73 4509 4509 1093342 1093342
1842 72 72 4518 4518 1094821 1094821
1843 73 73 4515 4515 1095707 1095707
1844 73 73 4526 4526 1096086 1096086
1845 73 73 4532 4532 1097840 1097840
1846 73 73 4523 4523 1098589 1098589
1847 73 73 4531 4531 1100780 1100780
1848 73 73 4549 4549 1101629 1101629
1849 73 73 4545 4545 1102969 1102969
1850 73 73 4541 4541 1103918 1103918
1851 73 73 4542 4542 1104694 1104694
1852 73 73 4542 4542 1106307 1106307
1853 73 73 4550 4550 1107671 1107671
1854 73 73 4535 4535 1109326 1109326
1855 74 74 4548 4548 1109574 1109574
1856 73 73 4552 4552 1111243 1111243
1857 73 73 4542 4542 1111748 1111748
1858 74 74 4559 4559 1114291 1114291
1859 73 73 4566 4566 1115039 1115039
1860 73 73 4566 4566 1116115 1116115
1861 73 73 4572 4572 1118141 1118141
1862 73 73 4577 4577 1118878 1118878
1863 73 73 4569 4569 1120062 1120062
1864 73 73 4585 4585 1120946 1120946
1865 73 73 4577 4577 1122567 1122567
1866 73 73 4571 4571 1122911 1122911
1867 73 73 4577 4577 1125319 1125319
1868 73 73 4597 4597 1126030 1126030
1869 73 73 4587 4587 1127271 1127271
1870 73 73 4599 4599 1127838 1127838
1871 72 72 4579 4579 1128807 1128807
1872 73 73 4595 4595 1130139 1130139
1873 73 73 4602 4602 1131784 1131784
1874 73 73 4598 4598 1133571 1133571
1875 74 74 4606 4606 1134221 1134221
1876 73 73 4616 4616 1134792 1134792
1877 74 74 4611 4611 1137410 1137410
1878 73 73 4606 4606 1138208 1138208
1879 73 73 4614 4614 1138819 1138819
1880 73 73 4600 4600 1140289 1140289
1881 73 73 4609 4609 1141255 1141255
1882 73 73 4632 4632 1143026 1143026
1883 73 73 4632 4632 1144565 1144565
1884 73 73 4628 4628 1145070 1145070
1885 73 73 4617 4617 1145852 1145852
1886 73 73 4635 4635 1147936 1147936
1887 73 73 4634 4634 1147882 1147882
1888 73 73 4650 4650 1149956 1149956
1889 73 73 4637 4637 1150886 1150886
1890 73 73 4645 4645 1152365 1152365
1891 73 73 4627 4627 1153739 1153739
1892 73 73 4639 4639 1155455 1155455
1893 74 74 4642 4642 1155686 1155686
1894 74 74 4641 4641 1157855 1157855
1895 73 73 4648 4648 1158511 1158511
1896 73 73 4655 4655 1160113 1160113
1897 73 73 4660 4660 1160644 1160644
1898 73 73 4661 4661 1162200 1162200
1899 74 74 4665 4665 1163628 1163628
1900 73 73 4663 4663 1163984 1163984
1901 74 74 4656 4656 1165466 1165466
1902 73 73 4678 4678 1166822 1166822
1903 73 73 4669 4669 1167767 1167767
1904 74 74 4678 4678 1169064 1169064
1905 73 73 4681 4681 1170542 1170542
1906 74 74 4680 4680 1172296 1172296
1907 73 73 4682 4682 1173507 1173507
1908 73 73 4691 4691 1173858 1173858
1909 73 73 4679 4679 1175427 1175427
1910 73 73 4691 4691 1177654 1177654
1911 73 73 4688 4688 1179105 1179105
1912 73 73 4687 4687 1179877 1179877
1913 74 74 4692 4692 1180193 1180193
1914 73 73 4704 4704 1181679 1181679
1915 74 74 4699 4699 1182966 1182966
1916 73 73 4705 4705 1183738 1183738
1917 73 73 4705 4705 1185123 1185123
1918 73 73 4710 4710 1186645 1186645
1919 73 73 4717 4717 1188097 1188097
1920 73 73 4724 4724 1188300 1188300
1921 74 74 4719 4719 1190450 1190450
1922 73 73 4728 4728 1191497 1191497
1923 73 73 4739 4739 1194044 1194044
1924 73 73 4744 4744 1194435 1194435
1925 73 73 4741 4741 1195864 1195864
1926 73 73 4739 4739 1196471 1196471
1927 73 73 4724 4724 1197736 1197736
1928 73 73 4728 4728 1198633 1198633
1929 74 74 4740 4740 1200903 1200903
1930 73 73 4750 4750 1202750 1202750
1931 73 73 4749 4749 1202743 1202743
1932 73 73 4751 4751 1203825 1203825
1933 73 73 4749 4749 1205897 1205897
1934 74 74 4760 4760 1206385 1206385
1935 74 74 4762 4762 1207527 1207527
1936 73 73 4753 4753 1209370 1209370
1937 73 73 4750 4750 1210475 1210475
1938 74 74 4754 4754 1211571 1211571
1939 73 73 4758 4758 1211966 1211966
1940 73 73 4765 4765 1213428 1213428
1941 73 73 4778 4778 1216113 1216113
1942 73 73 4775 4775 1215667 1215667
1943 73 73 4775 4775 1217225 1217225
1944 73 73 4785 4785 1218766 1218766
1945 73 73 4775 4775 1219347 1219347
1946 73 73 4781 4781 1221602 1221602
1947 73 73 4780 4780 1221953 1221953
1948 73 73 4789 4789 1223365 1223365
1949 74 74 4785 4785 1225806 1225806
1950 74 74 4784 4784 1226094 1226094
1951 73 73 4785 4785 1228302 1228302
1952 74 74 4795 4795 1228712 1228712
1953 74 74 4796 4796 1230372 1230372
1954 73 73 4800 4800 1232311 1232311
1955 74 74 4807 4807 1233748 1233748
1956 74 74 4812 4812 1235197 1235197
1957 74 74 4816 4816 1235388 1235388
1958 74 74 4809 4809 1236566 1236566
1959 74 74 4824 4824 1237206 1237206
1960 73 73 4814 4814 1238888 1238888
1961 73 73 4818 4818 1240387 1240387
1962 73 73 4813 4813 1241658 1241658
1963 73 73 4830 4830 1243292 1243292
1964 73 73 4822 4822 1244517 1244517
1965 74 74 4823 4823 1246148 1246148
1966 74 74 4834 4834 1247969 1247969
1967 74 74 4830 4830 1248250 1248250
1968 74 74 4835 4835 1249110 1249110
1969 74 74 4831 4831 1249883 1249883
1970 74 74 4845 4845 1252333 1252333
1971 74 74 4839 4839 1253718 1253718
1972 74 74 4853 4853 1254544 1254544
1973 73 73 4848 4848 1255755 1255755
1974 73 73 4864 4864 1257350 1257350
1975 74 74 4862 4862 1258274 1258274
1976 73 73 4856 4856 1260436 1260436
1977 74 74 4845 4845 1260689 1260689
1978 74 74 4869 4869 1261776 1261776
1979 74 74 4845 4845 1262524 1262524
1980 74 74 4857 4857 1265974 1265974
1981 74 74 4867 4867 1265909 1265909
1982 74 74 4871 4871 1268097 1268097
1983 74 74 4885 4885 1268524 1268524
1984 74 74 4885 4885 1269490 1269490
1985 74 74 4874 4874 1270536 1270536
1986 74 74 4887 4887 1272631 1272631
1987 73 73 4874 4874 1273320 1273320
1988 74 74 4895 4895 1275494 1275494
1989 74 74 4896 4896 1276920 1276920
1990 74 74 4911 4911 1278350 1278350
1991 74 74 4896 4896 1278043 1278043
1992 74 74 4898 4898 1280983 1280983
1993 73 73 4906 4906 1280874 1280874
1994 73 73 4900 4900 1283196 1283196
1995 73 73 4906 4906 1283586 1283586
1996 73 73 4905 4905 1284319 1284319
1997 74 74 4913 4913 1286545 1286545
1998 74 74 4913 4913 1287092 1287092
1999 74 74 4913 4913 1289794 1289794
2000 73 73 4931 4931 1290900 1290900
2001 74 74 4905 4905 1291245 1291245
2002 74 74 4931 4931 1293222 1293222
2003 74 74 4935 4935 1294930 1294930
2004 74 74 4942 4942 1294308 1294308
2005 73 73 4936 4936 1296129 1296129
2006 74 74 4935 4935 1299066 1299066
2007 74 74 4943 4943 1300720 1300720
2008 74 74 4935 4935 1301157 1301157
2009 74 74 4939 4939 1303033 1303033
2010 74 74 4950 4950 1304524 1304524
2011 74 74 4947 4947 1304350 1304350
2012 74 74 4954 4954 1306527 1306527
2013 74 74 4940 4940 1306537 1306537
2014 74 74 4960 4960 1308035 1308035
2015 74 74 4954 4954 1310335 1310335
2016 74 74 4965 4965 1310626 1310626
2017 74 74 4960 4960 1313805 1313805
2018 74 74 4969 4969 1314049 1314049
2019 74 74 4948 4948 1314436 1314436
2020 74 74 4960 4960 1316824 1316824
2021 74 74 4967 4967 1317376 1317376
2022 73 73 4970 4970 1319986 1319986
2023 74 74 4976 4976 1320790 1320790
2024 74 74 4987 4987 1322642 1322642
2025 74 74 4980 4980 1322494 1322494
2026 74 74 4976 4976 1324777 1324777
2027 74 74 4986 4986 1326277 1326277
2028 74 74 4992 4992 1326657 1326657
2029 74 74 4991 4991 1327667 1327667
2030 74 74 5001 5001 1329086 1329086
2031 74 74 5011 5011 1331085 1331085
2032 74 74 5004 5004 1332340 1332340
2033 74 74 4996 4996 1333007 1333007
2034 74 74 5000 5000 1332632 1332632
2035 74 74 5012 5012 1337207 1337207
2036 73 73 5022 5022 1337659 1337659
2037 75 75 5014 5014 1338384 1338384
2038 75 75 5023 5023 1339637 1339637
2039 74 74 5010 5010 1340236 1340236
2040 74 74 5015 5015 1343217 1343217
2041 74 74 5025 5025 1344174 1344174
2042 74 74 5015 5015 1345193 1345193
2043 74 74 5030 5030 1346462 1346462
2044 74 74 5032 5032 1347734 1347734
2045 74 74 5028 5028 1348085 1348085
2046 75 75 5035 5035 1351116 1351116
2047 74 74 5035 5035 1351788 1351788
2048 73 73 5042 5042 1352933 1352933
2049 74 74 5043 5043 1355023 1355023
2050 74 74 5048 5048 1355233 1355233
2051 74 74 5035 5035 1357852 1357852
2052 74 74 5062 5062 1357659 1357659
2053 74 74 5048 5048 1360660 1360660
2054 74 74 5049 5049 1360866 1360866
2055 75 75 5056 5056 1361605 1361605
2056 74 74 5056 5056 1362807 1362807
2057 74 74 5072 5072 1365038 1365038
2058 74 74 5054 5054 1366922 1366922
2059 74 74 5075 5075 1368735 1368735
2060 75 75 5063 5063 1369469 1369469
2061 74 74 5077 5077 1370521 1370521
2062 74 74 5060 5060 1371398 1371398
2063 75 75 5081 5081 1373602 1373602
2064 74 74 5077 5077 1374964 1374964
2065 75 75 5076 5076 1374816 1374816
2066 74 74 5076 5076 1377417 1377417
2067 75 75 5096 5096 1377347 1377347
2068 74 74 5076 5076 1380322 1380322
2069 75 75 5095 5095 1381610 1381610
2070 74 74 5099 5099 1382274 1382274
2071 74 74 5091 5091 1383979 1383979
2072 74 74 5080 5080 1384931 1384931
2073 75 75 5102 5102 1385797 1385797
2074 74 74 5113 5113 1388341 1388341
2075 74 74 5104 5104 1388755 1388755
2076 74 74 5107 5107 1390796 1390796
2077 74 74 5110 5110 1391373 1391373
2078 74 74 5112 5112 1392522 1392522
2079 75 75 5118 5118 1394410 1394410
2080 75 75 5116 5116 1395936 1395936
2081 75 75 5124 5124 1396717 1396717
2082 74 74 5128 5128 1398449 1398449
2083 75 75 5134 5134 1399198 1399198
2084 74 74 5126 5126 1400570 1400570
2085 74 74 5136 5136 1402592 1402592
2086 75 75 5138 5138 1403385 1403385
2087 74 74 5141 5141 1404945 1404945
2088 74 74 5145 5145 1407374 1407374
2089 74 74 5148 5148 1407005 1407005
2090 74 74 5139 5139 1409370 1409370
2091 75 75 5158 5158 1411486 1411486
2092 74 74 5161 5161 1410957 1410957
2093 75 75 5161 5161 1411983 1411983
2094 75 75 5144 5144 1415240 1415240
2095 75 75 5168 5168 1416098 1416098
2096 74 74 5159 5159 1417716 1417716
2097 74 74 5151 5151 1419427 1419427
2098 75 75 5161 5161 1419621 1419621
2099 74 74 5160 5160 1420916 1420916
2100 75 75 5173 5173 1423336 1423336
2101 74 74 5173 5173 1424203 1424203
2102 74 74 5182 5182 1425091 1425091
2103 74 74 5172 5172 1427047 1427047
2104 74 74 5182 5182 1428040 1428040
2105 75 75 5182 5182 1430554 1430554
2106 74 74 5192 5192 1432242 1432242
2107 75 75 5184 5184 1432203 1432203
2108 75 75 5184 5184 1433349 1433349
2109 75 75 5178 5178 1435462 1435462
2110 75 75 5183 5183 1435977 1435977
2111 75 75 5209 5209 1438841 1438841
2112 74 74 5213 5213 1440365 1440365
2113 75 75 5209 5209 1441152 1441152
2114 74 74 5215 5215 1441258 1441258
2115 75 75 5205 5205 1443581 1443581
2116 74 74 5208 5208 1445085 1445085
2117 75 75 5210 5210 1444893 1444893
2118 75 75 5215 5215 1446096 1446096
2119 74 74 5218 5218 1448164 1448164
2120 74 74 5220 5220 1449757 1449757
2121 74 74 5228 5228 1450895 1450895
2122 74 74 5212 5212 1452537 1452537
2123 75 75 5224 5224 1454691 1454691
2124 75 75 5231 5231 1455843 1455843
2125 75 75 5244 5244 1455716 1455716
2126 74 74 5230 5230 1458214 1458214
2127 75 75 5245 5245 1459519 1459519
2128 74 74 5253 5253 1461079 1461079
2129 75 75 5245 5245 1462381 1462381
2130 75 75 5241 5241 1462607 1462607
2131 74 74 5256 5256 1465449 1465449
2132 74 74 5260 5260 1465820 1465820
2133 75 75 5249 5249 1468307 1468307
2134 75 75 5243 5243 1469425 1469425
2135 74 74 5256 5256 1471253 1471253
2136 75 75 5272 5272 1471277 1471277
2137 74 74 5258 5258 1472532 1472532
2138 75 75 5270 5270 1474722 1474722
2139 75 75 5265 5265 1475654 1475654
2140 75 75 5274 5274 1477101 1477101
2141 74 74 5280 5280 1479006 1479006
2142 75 75 5272 5272 1481135 1481135
2143 75 75 5284 5284 1481387 1481387
2144 75 75 5278 5278 1482273 1482273
2145 75 75 5282 5282 1484452 1484452
2146 74 74 5278 5278 1485938 1485938
2147 75 75 5291 5291 1487301 1487301
2148 75 75 5289 5289 1488494 1488494
2149 75 75 5297 5297 1488674 1488674
2150 74 74 5287 5287 1491371 1491371
2151 75 75 5297 5297 1493402 1493402
2152 75 75 5306 5306 1494356 1494356
2153 75 75 5293 5293 1495257 1495257
2154 75 75 5310 5310 1497489 1497489
2155 75 75 5310 5310 1498865 1498865
2156 75 75 5318 5318 1500190 1500190
2157 75 75 5315 5315 1500967 1500967
2158 75 75 5320 5320 1503118 1503118
2159 75 75 5326 5326 1503925 1503925
2160 75 75 5339 5339 1504971 1504971
2161 74 74 5326 5326 1506744 1506744
2162 75 75 5331 5331 1506796 1506796
2163 75 75 5320 5320 1510366 1510366
2164 75 75 5340 5340 1509953 1509953
2165 75 75 5333 5333 1513011 1513011
2166 75 75 5339 5339 1512908 1512908
2167 75 75 5345 5345 1514648 1514648
2168 74 74 5346 5346 1516320 1516320
2169 75 75 5341 5341 1517467 1517467
2170 75 75 5354 5354 1518195 1518195
2171 75 75 5348 5348 1521292 1521292
2172 75 75 5361 5361 1522807 1522807
2173 76 76 5347 5347 1524119 1524119
2174 75 75 5351 5351 1525248 1525248
2175 75 75 5376 5376 1525832 1525832
2176 75 75 5360 5360 1526501 1526501
2177 74 74 5358 5358 1530228 1530228
2178 75 75 5364 5364 1530400 1530400
2179 75 75 5353 5353 1532120 1532120
2180 75 75 5376 5376 1533712 1533712
2181 75 75 5366 5366 1534240 1534240
2182 75 75 5378 5378 1537425 1537425
2183 74 74 5375 5375 1538195 1538195
2184 75 75 5391 5391 1539939 1539939
2185 75 75 5379 5379 1540449 1540449
2186 75 75 5393 5393 1541638 1541638
2187 75 75 5399 5399 1544250 1544250
2188 75 75 5402 5402 1543549 1543549
2189 74 74 5393 5393 1545520 1545520
2190 75 75 5394 5394 1546704 1546704
2191 75 75 5402 5402 1548615 1548615
2192 75 75 5405 5405 1551061 1551061
2193 75 75 5418 5418 1551742 1551742
2194 75 75 5416 5416 1553388 1553388
2195 75 75 5417 5417 1554774 1554774
2196 75 75 5410 5410 1555550 1555550
2197 75 75 5398 5398 1557377 1557377
2198 75 75 5418 5418 1558944 1558944
2199 75 75 5422 5422 1558466 1558466
2200 75 75 5418 5418 1560928 1560928
2201 75 75 5421 5421 1562382 1562382
2202 75 75 5429 5429 1565380 1565380
2203 75 75 5418 5418 1566160 1566160
2204 75 75 5425 5425 1567016 1567016
2205 75 75 5445 5445 1567918 1567918
2206 75 75 5443 5443 1570977 1570977
2207 75 75 5427 5427 1571863 1571863
2208 75 75 5445 5445 1572541 1572541
2209 75 75 5454 5454 1575071 1575071
2210 75 75 5443 5443 1577328 1577328
2211 75 75 5462 5462 1577053 1577053
2212 75 75 5454 5454 1578606 1578606
2213 75 75 5451 5451 1580560 1580560
2214 75 75 5452 5452 1581924 1581924
2215 75 75 5463 5463 1583098 1583098
2216 75 75 5451 5451 1584617 1584617
2217 75 75 5480 5480 1585470 1585470
2218 76 76 5464 5464 1587784 1587784
2219 76 76 5469 5469 1588502 1588502
2220 75 75 5478 5478 1589747 1589747
2221 75 75 5484 5484 1590679 1590679
2222 75 75 5469 5469 1593299 1593299
2223 75 75 5488 5488 1594637 1594637
2224 75 75 5492 5492 1596409 1596409
2225 75 75 5482 5482 1597884 1597884
2226 75 75 5495 5495 1599403 1599403
2227 75 75 5495 5495 1600099 1600099
2228 75 75 5495 5495 1600506 1600506
2229 76 76 5505 5505 1603998 1603998
2230 75 75 5498 5498 1603640 1603640
2231 74 74 5500 5500 1606511 1606511
2232 76 76 5492 5492 1606325 1606325
2233 75 75 5503 5503 1608484 1608484
2234 75 75 5510 5510 1610367 1610367
2235 76 76 5521 5521 1611107 1611107
2236 75 75 5517 5517 1612602 1612602
2237 75 75 5522 5522 1615928 1615928
2238 75 75 5514 5514 1615491 1615491
2239 75 75 5518 5518 1617158 1617158
2240 76 76 5516 5516 1619306 1619306
2241 75 75 5530 5530 1619922 1619922
2242 75 75 5538 5538 1621165 1621165
2243 75 75 5546 5546 1623262 1623262
2244 76 76 5534 5534 1624520 1624520
2245 75 75 5546 5546 1626727 1626727
2246 76 76 5551 5551 1627934 1627934
2247 75 75 5541 5541 1628576 1628576
2248 76 76 5536 5536 1631228 1631228
2249 76 76 5555 5555 1632782 1632782
2250 75 75 5549 5549 1633991 1633991
2251 75 75 5557 5557 1634824 1634824
2252 76 76 5561 5561 1635871 1635871
2253 75 75 5568 5568 1638475 1638475
2254 75 75 5563 5563 1640298 1640298
2255 76 76 5552 5552 1640593 1640593
2256 75 75 5556 5556 1642433 1642433
2257 76 76 5555 5555 1644155 1644155
2258 76 76 5575 5575 1646260 1646260
2259 76 76 5581 5581 1646179 1646179
2260 75 75 5564 5564 1648696 1648696
2261 75 75 5573 5573 1649644 1649644
2262 76 76 5579 5579 1651331 1651331
2263 76 76 5593 5593 1652404 1652404
2264 76 76 5571 5571 1653309 1653309
2265 76 76 5587 5587 1654538 1654538
2266 75 75 5603 5603 1656525 1656525
2267 75 75 5592 5592 1658515 1658515
2268 75 75 5589 5589 1659982 1659982
2269 75 75 5604 5604 1660316 1660316
2270 75 75 5601 5601 1662092 1662092
2271 76 76 5606 5606 1665134 1665134
2272 75 75 5601 5601 1664361 1664361
2273 76 76 5619 5619 1667486 1667486
2274 76 76 5620 5620 1669228 1669228
2275 75 75 5607 5607 1669814 1669814
2276 76 76 5627 5627 1670563 1670563
2277 75 75 5610 5610 1672163 1672163
2278 75 75 5616 5616 1674172 1674172
2279 75 75 5636 5636 1675663 1675663
2280 75 75 5630 5630 1677272 1677272
2281 75 75 5639 5639 1677981 1677981
2282 76 76 5631 5631 1679617 1679617
2283 76 76 5627 5627 1682513 1682513
2284 75 75 5645 5645 1682578 1682578
2285 76 76 5632 5632 1683751 1683751
2286 76 76 5650 5650 1684681 1684681
2287 76 76 5639 5639 1687191 1687191
2288 76 76 5652 5652 1688761 1688761
2289 76 76 5646 5646 1690154 1690154
2290 75 75 5668 5668 1692062 1692062
2291 76 76 5655 5655 1693135 1693135
2292 76 76 5654 5654 1693878 1693878
2293 76 76 5653 5653 1696858 1696858
2294 76 76 5673 5673 1696751 1696751
2295 76 76 5668 5668 1699050 1699050
2296 76 76 5672 5672 1700258 1700258
2297 76 76 5669 5669 1702858 1702858
2298 76 76 5673 5673 1703243 1703243
2299 75 75 5667 5667 1705874 1705874
2300 75 75 5673 5673 1705481 1705481
2301 76 76 5685 5685 1707916 1707916
2302 76 76 5684 5684 1709121 1709121
2303 75 75 5679 5679 1710226 1710226
2304 76 76 5694 5694 1712774 1712774
2305 76 76 5690 5690 1714601 1714601
2306 76 76 5703 5703 1716038 1716038
2307 76 76 5707 5707 1717886 1717886
2308 76 76 5696 5696 1718231 1718231
2309 76 76 5707 5707 1721264 1721264
2310 75 75 5698 5698 1721413 1721413
2311 76 76 5699 5699 1722404 1722404
2312 75 75 5706 5706 1725425 1725425
2313 76 76 5706 5706 1726673 1726673
2314 76 76 5710 5710 1728011 1728011
2315 76 76 5715 5715 1728272 1728272
2316 76 76 5721 5721 1731392 1731392
2317 76 76 5718 5718 1731738 1731738
2318 76 76 5728 5728 1735381 1735381
2319 76 76 5739 5739 1734459 1734459
2320 75 75 5728 5728 1736306 1736306
2321 76 76 5717 5717 1737033 1737033
2322 75 75 5730 5730 1739805 1739805
2323 76 76 5726 5726 1740436 1740436
2324 76 76 5722 5722 1742485 1742485
2325 76 76 5750 5750 1743960 1743960
2326 76 76 5749 5749 1744934 1744934
2327 76 76 5738 5738 1746884 1746884
2328 76 76 5743 5743 1747300 1747300
2329 76 76 5754 5754 1749378 1749378
2330 76 76 5745 5745 1751740 1751740
2331 76 76 5760 5760 1752580 1752580
2332 76 76 5768 5768 1755773 1755773
2333 76 76 5750 5750 1755946 1755946
2334 76 76 5771 5771 1757167 1757167
2335 76 76 5761 5761 1759130 1759130
2336 75 75 5775 5775 1761797 1761797
2337 76 76 5779 5779 1761342 1761342
2338 76 76 5768 5768 1764288 1764288
2339 76 76 5774 5774 1765456 1765456
2340 76 76 5785 5785 1766969 1766969
2341 76 76 5770 5770 1768462 1768462
2342 76 76 5781 5781 1770697 1770697
2343 76 76 5795 5795 1770437 1770437
2344 76 76 5781 5781 1772923 1772923
2345 76 76 5795 5795 1773868 1773868
2346 76 76 5787 5787 1775909 1775909
2347 76 76 5798 5798 1777018 1777018
2348 75 75 5798 5798 1778360 1778360
2349 76 76 5817 5817 1780528 1780528
2350 76 76 5802 5802 1781669 1781669
2351 76 76 5806 5806 1783382 1783382
2352 76 76 5810 5810 1784599 1784599
2353 76 76 5812 5812 1786519 1786519
2354 76 76 5821 5821 1788204 1788204
2355 75 75 5813 5813 1789300 1789300
2356 76 76 5840 5840 1791466 1791466
2357 76 76 5818 5818 1791432 1791432
2358 77 77 5824 5824 1793349 1793349
2359 76 76 5823 5823 1794718 1794718
2360 76 76 5847 5847 1796772 1796772
2361 76 76 5843 5843 1798011 1798011
2362 76 76 5847 5847 1799894 1799894
2363 76 76 5840 5840 1801051 1801051
2364 76 76 5841 5841 1802028 1802028
2365 76 76 5836 5836 1805719 1805719
2366 76 76 5848 5848 1806179 1806179
2367 77 77 5849 5849 1809008 1809008
2368 76 76 5853 5853 1809566 1809566
2369 76 76 5847 5847 1811405 1811405
2370 76 76 5849 5849 1811684 1811684
2371 76 76 5860 5860 1814346 1814346
2372 76 76 5870 5870 1814720 1814720
2373 76 76 5859 5859 1817189 1817189
2374 76 76 5881 5881 1818012 1818012
2375 76 76 5889 5889 1820501 1820501
2376 76 76 5878 5878 1822052 1822052
2377 75 75 5884 5884 1822134 1822134
2378 77 77 5880 5880 1823897 1823897
2379 76 76 5882 5882 1825966 1825966
2380 76 76 5893 5893 1828137 1828137
2381 76 76 5881 5881 1828467 1828467
2382 77 77 5890 5890 1830270 1830270
2383 76 76 5895 5895 1832995 1832995
2384 76 76 5895 5895 1833454 1833454
2385 76 76 5910 5910 1836785 1836785
2386 77 77 5903 5903 1837085 1837085
2387 76 76 5910 5910 1838160 1838160
2388 76 76 5892 5892 1840060 1840060
2389 76 76 5899 5899 1841632 1841632
2390 76 76 5898 5898 1843602 1843602
2391 76 76 5908 5908 1844732 1844732
2392 76 76 5895 5895 1845824 1845824
2393 75 75 5930 5930 1847323 1847323
2394 76 76 5914 5914 1849100 1849100
2395 76 76 5918 5918 1850924 1850924
2396 76 76 5919 5919 1851732 1851732
2397 76 76 5933 5933 1853569 1853569
2398 76 76 5944 5944 1857019 1857019
2399 76 76 5948 5948 1856561 1856561
2400 76 76 5910 5910 1859127 1859127
2401 76 76 5935 5935 1859733 1859733
2402 76 76 5946 5946 1862244 1862244
2403 76 76 5956 5956 1862444 1862444
2404 76 76 5931 5931 1863723 1863723
2405 76 76 5943 5943 1866754 1866754
2406 76 76 5953 5953 1868039 1868039
2407 76 76 5941 5941 1870019 1870019
2408 77 77 5951 5951 1871484 1871484
2409 76 76 5945 5945 1871415 1871415
2410 76 76 5959 5959 1871958 1871958
2411 76 76 5961 5961 1875752 1875752
2412 76 76 5966 5966 1875988 1875988
2413 76 76 5969 5969 1879542 1879542
2414 76 76 5959 5959 1880877 1880877
2415 76 76 5965 5965 1882585 1882585
2416 76 76 5964 5964 1884262 1884262
2417 76 76 5975 5975 1882602 1882602
2418 76 76 5965 5965 1886130 1886130
2419 76 76 5982 5982 1888265 1888265
2420 76 76 5974 5974 1889277 1889277
2421 76 76 5983 5983 1891230 1891230
2422 76 76 5983 5983 1892991 1892991
2423 76 76 5981 5981 1894675 1894675
2424 76 76 5999 5999 1894989 1894989
2425 76 76 5992 5992 1897260 1897260
2426 76 76 5976 5976 1898166 1898166
2427 76 76 5998 5998 1900639 1900639
2428 76 76 5991 5991 1901951 1901951
2429 76 76 6001 6001 1902620 1902620
2430 77 77 5999 5999 1905952 1905952
2431 77 77 6017 6017 1907250 1907250
2432 76 76 6009 6009 1908780 1908780
2433 77 77 6020 6020 1910684 1910684
2434 76 76 6015 6015 1911904 1911904
2435 76 76 6020 6020 1912937 1912937
2436 77 77 6027 6027 1914533 1914533
2437 76 76 6025 6025 1915240 1915240
2438 77 77 6031 6031 1918186 1918186
2439 77 77 6036 6036 1919274 1919274
2440 77 77 6034 6034 1921254 1921254
2441 76 76 6035 6035 1922100 1922100
2442 77 77 6040 6040 1924233 1924233
2443 77 77 6039 6039 1926299 1926299
2444 76 76 6037 6037 1927909 1927909
2445 77 77 6024 6024 1929067 1929067
2446 76 76 6048 6048 1930052 1930052
2447 77 77 6051 6051 1931870 1931870
2448 77 77 6055 6055 1932858 1932858
2449 76 76 6044 6044 1935188 1935188
2450 76 76 6038 6038 1937095 1937095
2451 77 77 6051 6051 1937894 1937894
2452 77 77 6071 6071 1939783 1939783
2453 76 76 6062 6062 1941012 1941012
2454 77 77 6080 6080 1942677 1942677
2455 76 76 6062 6062 1945456 1945456
2456 76 76 6076 6076 1946472 1946472
2457 77 77 6074 6074 1948571 1948571
2458 76 76 6090 6090 1949489 1949489
2459 77 77 6080 6080 1950293 1950293
2460 77 77 6092 6092 1953337 1953337
2461 76 76 6083 6083 1953673 1953673
2462 76 76 6085 6085 1955835 1955835
2463 76 76 6108 6108 1956439 1956439
2464 75 75 6097 6097 1957806 1957806
2465 76 76 6101 6101 1958325 1958325
2466 77 77 6093 6093 1961854 1961854
2467 77 77 6095 6095 1963794 1963794
2468 77 77 6094 6094 1965697 1965697
2469 77 77 6113 6113 1965770 1965770
2470 76 76 6101 6101 1970498 1970498
2471 76 76 6110 6110 1970127 1970127
2472 77 77 6114 6114 1972039 1972039
2473 77 77 6120 6120 1974346 1974346
2474 76 76 6125 6125 1973332 1973332
2475 76 76 6124 6124 1976268 1976268
2476 76 76 6118 6118 1979130 1979130
2477 77 77 6138 6138 1979420 1979420
2478 77 77 6129 6129 1981857 1981857
2479 77 77 6134 6134 1983148 1983148
2480 77 77 6131 6131 1983418 1983418
2481 76 76 6136 6136 1986216 1986216
2482 76 76 6139 6139 1987042 1987042
2483 78 78 6132 6132 1989869 1989869
2484 77 77 6146 6146 1991128 1991128
2485 77 77 6146 6146 1992798 1992798
2486 76 76 6161 6161 1996034 1996034
2487 76 76 6154 6154 1995637 1995637
2488 77 77 6154 6154 1996286 1996286
2489 77 77 6159 6159 1998771 1998771
2490 76 76 6155 6155 2000033 2000033
2491 77 77 6158 6158 2000459 2000459
2492 76 76 6172 6172 2003477 2003477
2493 77 77 6180 6180 2005421 2005421
2494 77 77 6160 6160 2006721 2006721
2495 77 77 6168 6168 2009062 2009062
2496 77 77 6168 6168 2009041 2009041
2497 77 77 6187 6187 2011183 2011183
2498 77 77 6197 6197 2012833 2012833
2499 77 77 6179 6179 2013603 2013603
2500 77 77 6171 6171 2016517 2016517
2501 77 77 6195 6195 2018780 2018780
2502 76 76 6189 6189 2020714 2020714
2503 77 77 6194 6194 2022188 2022188
2504 76 76 6198 6198 2022094 2022094
2505 77 77 6201 6201 2026127 2026127
2506 77 77 6204 6204 2027156 2027156
2507 76 76 6204 6204 2028914 2028914
2508 77 77 6206 6206 2029776 2029776
2509 77 77 6198 6198 2029958 2029958
2510 77 77 6197 6197 2032726 2032726
2511 77 77 6221 6221 2034217 2034217
2512 76 76 6220 6220 2036273 2036273
2513 77 77 6210 6210 2038348 2038348
2514 76 76 6216 6216 2038754 2038754
2515 77 77 6219 6219 2041057 2041057
2516 77 77 6225 6225 2041565 2041565
2517 76 76 6242 6242 2044504 2044504
2518 76 76 6223 6223 2046461 2046461
2519 77 77 6234 6234 2046881 2046881
2520 77 77 6240 6240 2050476 2050476
2521 77 77 6239 6239 2049129 2049129
2522 76 76 6245 6245 2051956 2051956
2523 76 76 6243 6243 2053830 2053830
2524 77 77 6242 6242 2056481 2056481
2525 76 76 6260 6260 2056970 2056970
2526 77 77 6254 6254 2058301 2058301
2527 77 77 6260 6260 2059571 2059571
2528 77 77 6255 6255 2061831 2061831
2529 77 77 6257 6257 2062304 2062304
2530 76 76 6269 6269 2066500 2066500
2531 77 77 6278 6278 2067572 2067572
2532 77 77 6278 6278 2067783 2067783
2533 77 77 6271 6271 2070317 2070317
2534 77 77 6282 6282 2072683 2072683
2535 77 77 6270 6270 2072975 2072975
2536 77 77 6274 6274 2075802 2075802
2537 77 77 6274 6274 2076438 2076438
2538 77 77 6298 6298 2078043 2078043
2539 78 78 6282 6282 2081269 2081269
2540 77 77 6302 6302 2081394 2081394
2541 77 77 6294 6294 2083783 2083783
2542 76 76 6277 6277 2084586 2084586
2543 77 77 6295 6295 2086222 2086222
2544 77 77 6307 6307 2088815 2088815
2545 77 77 6320 6320 2090471 2090471
2546 77 77 6301 6301 2089790 2089790
2547 77 77 6297 6297 2093628 2093628
2548 77 77 6307 6307 2094806 2094806
2549 78 78 6308 6308 2096784 2096784
2550 77 77 6308 6308 2097390 2097390
2551 77 77 6322 6322 2100150 2100150
2552 77 77 6310 6310 2099916 2099916
2553 76 76 6318 6318 2102394 2102394
2554 77 77 6321 6321 2104541 2104541
2555 76 76 6334 6334 2107269 2107269
2556 77 77 6323 6323 2107472 2107472
2557 78 78 6313 6313 2109746 2109746
2558 77 77 6344 6344 2111103 2111103
2559 77 77 6320 6320 2113700 2113700
2560 77 77 6352 6352 2113908 2113908
2561 77 77 6343 6343 2115590 2115590
2562 76 76 6357 6357 2117155 2117155
2563 77 77 6367 6367 2118382 2118382
2564 77 77 6344 6344 2121443 2121443
2565 77 77 6350 6350 2121537 2121537
2566 76 76 6367 6367 2124824 2124824
2567 77 77 6358 6358 2125935 2125935
2568 77 77 6350 6350 2127906 2127906
2569 77 77 6362 6362 2130516 2130516
2570 77 77 6364 6364 2130047 2130047
2571 77 77 6350 6350 2133521 2133521
2572 77 77 6364 6364 2133099 2133099
2573 77 77 6372 6372 2135664 2135664
2574 77 77 6387 6387 2138042 2138042
2575 77 77 6370 6370 2140198 2140198
2576 77 77 6385 6385 2139985 2139985
2577 77 77 6376 6376 2142867 2142867
2578 77 77 6403 6403 2143942 2143942
2579 78 78 6379 6379 2145242 2145242
2580 76 76 6386 6386 2146515 2146515